0.0015020000000000235	45.165343136216997
0.0015040000000000235	45.137604286417513
0.0015060000000000236	45.099274131344799
0.0015080000000000236	45.052823044177572
0.0015100000000000237	-29.985920019946324
0.0015120000000000237	-30.020513383598782
0.0015140000000000238	-30.049623997729679
0.0015160000000000238	-30.071572585482958
0.0015180000000000239	-30.086578188004328
0.0015200000000000239	-30.094854452462251
0.001522000000000024	-30.096609755996795
0.001524000000000024	-30.092047326895216
0.0015260000000000241	-30.081365363055728
0.0015280000000000241	-30.064757147799508
0.0015300000000000242	-30.042411163089572
0.0015320000000000242	-30.014511200213885
0.0015340000000000243	-29.981236467988928
0.0015360000000000243	-29.942761698538575
0.0015380000000000244	-29.899257250702018
0.0015400000000000244	45.135038919262151
0.0015420000000000245	45.16188500875127
0.0015440000000000245	45.181072000586326
0.0015460000000000246	45.187834117420252
0.0015480000000000246	45.185055511277554
0.0015500000000000247	45.175307631198152
0.0015520000000000247	45.156462383798129
0.0015540000000000248	45.128807729916133
0.0015560000000000248	45.090560775068468
0.0015580000000000249	45.044192101361205
0.0015600000000000249	-29.994468691783705
0.001562000000000025	-30.028981199524168
0.001564000000000025	-30.058011532198993
0.0015660000000000251	-30.079880599598781
0.0015680000000000251	-30.094807435654275
0.0015700000000000252	-30.10300568038738
0.0015720000000000252	-30.104683703859301
0.0015740000000000252	-30.100044727345526
0.0015760000000000253	-30.08928694179896
0.0015780000000000253	-30.07260362366133
0.0015800000000000254	-30.050183248081343
0.0015820000000000254	-30.022209599597293
0.0015840000000000255	-29.988861880339947
0.0015860000000000255	-29.950314815810838
0.0015880000000000256	-29.906738758289563
0.0015900000000000256	45.127627622272584
0.0015920000000000257	45.154543810580982
0.0015940000000000257	45.17380040328117
0.0015960000000000258	45.180631297859279
0.0015980000000000258	45.17792081905705
0.0016000000000000259	45.16824058236228
0.0016020000000000259	45.149462337146787
0.001604000000000026	45.12187405032455
0.001606000000000026	45.083692677643249
0.0016080000000000261	45.03738896590513
0.0016100000000000261	-30.001206977630144
0.0016120000000000262	-30.035655751194856
0.0016140000000000262	-30.064622802528962
0.0016160000000000263	-30.086429188553417
0.0016180000000000263	-30.101293937510817
0.0016200000000000264	-30.109430683788872
0.0016220000000000264	-30.111047791867968
0.0016240000000000265	-30.106348477495722
0.0016260000000000265	-30.095530926149564
0.0016280000000000266	-30.078788408847664
0.0016300000000000266	-30.056309395366593
0.0016320000000000267	-30.028277664923394
0.0016340000000000267	-29.994872414378086
0.0016360000000000268	-29.956268364011397
0.0016380000000000268	-29.91263586093163
0.0016400000000000269	45.121785862356518
0.0016420000000000269	45.148757305247656
0.001644000000000027	45.168068760006918
0.001646000000000027	45.174953867801094
0.001648000000000027	45.172297089520534
0.0016500000000000271	45.162670171859439
0.0016520000000000271	45.143944740238915
0.0016540000000000272	45.116408766362426
0.0016560000000000272	45.078279087920322
0.0016580000000000273	45.032026581540208
0.0016600000000000273	-30.006518245231387
0.0016620000000000274	-30.040916781266077
0.0016640000000000274	-30.069833952024364
0.0016660000000000275	-30.091590930404674
0.0016680000000000275	-30.106406740165475
0.0016700000000000276	-30.114495011252831
0.0016720000000000276	-30.116064103747622
0.0016740000000000277	-30.11131722903967
0.0016760000000000277	-30.100452568289974
0.0016780000000000278	-30.083663388241114
0.0016800000000000278	-30.061138154434666
0.0016820000000000279	-30.033060641892867
0.0016840000000000279	-29.999610043320637
0.001686000000000028	-29.960961074883031
0.001688000000000028	-29.917284079611719
0.0016900000000000281	45.117181266570057
0.0016920000000000281	45.144196262857413
0.0016940000000000282	45.163550961603718
0.0016960000000000282	45.170478801930649
0.0016980000000000283	45.167864352048866
0.0017000000000000283	45.158279462076855
0.0017020000000000284	45.139595659731221
0.0017040000000000284	45.112100920491024
0.0017060000000000285	45.07401198898782
0.0017080000000000285	45.027799844184784
0.0017100000000000286	-30.010704690858827
0.0017120000000000286	-30.045063628208379
0.0017140000000000287	-30.073941481651072
0.0017160000000000287	-30.09565951550454
0.0017180000000000287	-30.110436749992378
0.0017200000000000288	-30.118486811559315
0.0017220000000000288	-30.120018056818143
0.0017240000000000289	-30.115233693723422
0.0017260000000000289	-30.104331900033454
0.001728000000000029	-30.087505939120469
0.001730000000000029	-30.06494427318761
0.0017320000000000291	-30.036830673950327
0.0017340000000000291	-30.00334433083815
0.0017360000000000292	-29.964659956771825
0.0017380000000000292	-29.920947891569391
0.0017400000000000293	45.113551839333937
0.0017420000000000293	45.140601165551608
0.0017440000000000294	45.159989950338129
0.0017460000000000294	45.166951473554462
0.0017480000000000295	45.164370388006205
0.0017500000000000295	45.154818625335309
0.0017520000000000296	45.136167636243584
0.0017540000000000296	45.108705399186306
0.0017560000000000297	45.07064858544252
0.0017580000000000297	45.024468254640546
0.0017600000000000298	-30.014004521468145
0.0017620000000000298	-30.048332246159283
0.0017640000000000299	-30.07717910873043
0.0017660000000000299	-30.098866445559498
0.00176800000000003	-30.113613274083633
0.00177000000000003	-30.121633217987544
0.0017720000000000301	-30.123134631150162
0.0017740000000000301	-30.118320718818147
0.0017760000000000302	-30.107389656067603
0.0017780000000000302	-30.090534703613933
0.0017800000000000303	-30.067944321028708
0.0017820000000000303	-30.039802277420755
0.0017840000000000304	-30.006287759637697
0.0017860000000000304	-29.967575478042814
0.0017880000000000305	-29.923835769921013
0.0017900000000000305	45.110691063800559
0.0017920000000000305	45.13776744964207
0.0017940000000000306	45.157183101809593
0.0017960000000000306	45.164171174629224
0.0017980000000000307	45.161616387587181
0.0018000000000000307	45.152090736585386
0.0018020000000000308	45.133465611619812
0.0018040000000000308	45.106028993491918
0.0018060000000000309	45.067997495661658
0.0018080000000000309	45.021842241340792
0.001810000000000031	-30.016605501696588
0.001812000000000031	-30.050908623904952
0.0018140000000000311	-30.079731058813064
0.0018160000000000311	-30.101394199599046
0.0018180000000000312	-30.116117061503612
0.0018200000000000312	-30.124113266035859
0.0018220000000000313	-30.125591164919744
0.0018240000000000313	-30.12075396126739
0.0018260000000000314	-30.109799828040597
0.0018280000000000314	-30.09292202386057
0.0018300000000000315	-30.070309006224498
0.0018320000000000315	-30.042144542186524
0.0018340000000000316	-30.008607816559042
0.0018360000000000316	-29.969873537689462
0.0018380000000000317	-29.926112040865924
0.0018400000000000317	45.108436155836984
0.0018420000000000318	45.135533870609372
0.0018440000000000318	45.154970700176278
0.0018460000000000319	45.16197969991353
0.0018480000000000319	45.159445641867251
0.001850000000000032	45.149940572590715
0.001852000000000032	45.13133583423005
0.0018540000000000321	45.103919409435889
0.0018560000000000321	45.065907866093838
0.0018580000000000322	45.019772377533776
0.0018600000000000322	-30.018655633962354
0.0018620000000000322	-30.052939364028472
0.0018640000000000323	-30.081742544592046
0.0018660000000000323	-30.103386613602655
0.0018680000000000324	-30.118090584569682
0.0018700000000000324	-30.126068077287304
0.0018720000000000325	-30.127527441780831
0.0018740000000000325	-30.122671879479853
0.0018760000000000326	-30.111699561679583
0.0018780000000000326	-30.09480374535045
0.0018800000000000327	-30.072172886354558
0.0018820000000000327	-30.043990750126433
0.0018840000000000328	-30.010436519874258
0.0018860000000000328	-29.971684902356397
0.0018880000000000329	-29.927906231287071
0.0018900000000000329	45.106658804100036
0.001892000000000033	45.133773330715258
0.001894000000000033	45.153226852684135
0.0018960000000000331	45.160252347387463
0.0018980000000000331	45.157734628300318
0.0019000000000000332	45.148245781900819
0.0019020000000000332	45.129657112618546
0.0019040000000000333	45.102256604561809
0.0019060000000000333	45.064260789693357
0.0019080000000000334	45.018140880847483
0.0019100000000000334	-30.020271577908641
0.0019120000000000335	-30.054540022755479
0.0019140000000000335	-30.083328026715147
0.0019160000000000336	-30.104957063027118
0.0019180000000000336	-30.119646143836057
0.0019200000000000337	-30.127608887584387
0.0019220000000000337	-30.129053642958475
0.0019240000000000338	-30.124183610061678
0.0019260000000000338	-30.11319695887558
0.0019280000000000339	-30.096286945069398
0.0019300000000000339	-30.073642023216387
0.001932000000000034	-30.045445957474435
0.001934000000000034	-30.011877929787207
0.001936000000000034	-29.973112645660585
0.0019380000000000341	-29.929320437568116
0.0019400000000000341	45.105257870346321
0.0019420000000000342	45.132385648330853
0.0019440000000000342	45.151852327523102
0.0019460000000000343	45.158890823826702
0.0019480000000000343	45.156385983371841
0.0019500000000000344	45.14690992410619
0.0019520000000000344	45.128333920730483
0.0019540000000000343	45.100945958501939
0.0019560000000000341	45.062962541068245
0.0019580000000000339	45.016854912401882
0.0019600000000000338	-30.021545287437242
0.0019620000000000336	-30.055801684231497
0.0019640000000000334	-30.084577725751434
0.0019660000000000333	-30.106194913052747
0.0019680000000000331	-30.120872257204386
0.0019700000000000329	-30.128823375583256
0.0019720000000000328	-30.13025661582035
0.0019740000000000326	-30.125375176973645
0.0019760000000000324	-30.114377227989255
0.0019780000000000322	-30.097456023510762
0.0019800000000000321	-30.074800017095498
0.0019820000000000319	-30.046592971895098
0.0019840000000000317	-30.013014068856503
0.0019860000000000316	-29.974238012498315
0.0019880000000000314	-29.930435134316159
0.0019900000000000312	45.10415363520795
0.0019920000000000311	45.131291858124285
0.0019940000000000309	45.150768908040796
0.0019960000000000307	45.157817652403494
0.0019980000000000306	45.155322963082106
0.0020000000000000304	45.145856982829173
