0.014009999999999514	7.51754214434186e-006	4.9395481294865403e-006	1.8503127050992016	1.8503152645621412
0.014014999999999514	7.51754214434186e-006	4.9647656642417172e-006	1.7814431531250448	1.7814456896303454
0.014019999999999514	7.51754214434186e-006	4.9882526167495575e-006	1.7123249415034834	1.712327453162743
0.014024999999999514	7.51754214434186e-006	5.0094351844611878e-006	1.6428965260349582	1.6428990221584172
0.014029999999999513	7.51754214434186e-006	5.0283185593146269e-006	1.5731898760136311	1.5731923497241951
0.014034999999999513	7.51754214434186e-006	5.0449088956001478e-006	1.5032368819398929	1.5032393392289123
0.014039999999999513	1.5028100364133934	1.5028075614111334	-7.489120434911456e-006	-5.0377479965391103e-006
0.014044999999999513	1.6069556210140945	1.6069531111746971	-7.489120434911456e-006	-5.0022208597511053e-006
0.014049999999999513	1.7111001540115467	1.7110976193117164	-7.489120434911456e-006	-4.9666937229631003e-006
0.014054999999999512	1.8152433085560915	1.8152407386248832	-7.489120434911456e-006	-4.9453774408902973e-006
0.014059999999999512	7.51754214434186e-006	4.9396071928781283e-006	1.8502746247526203	1.8502771794715045
0.014064999999999512	7.51754214434186e-006	4.9648231569440818e-006	1.7814042688024538	1.7814068087318446
0.014069999999999512	7.51754214434186e-006	4.9883085276226534e-006	1.7122852696567195	1.7122877835618056
0.014074999999999512	7.51754214434186e-006	5.0094894991710161e-006	1.6428560887334238	1.6428585851713251
0.014079999999999511	7.51754214434186e-006	5.0283712643070375e-006	1.5731486955204013	1.5731511737726578
0.014084999999999511	7.51754214434186e-006	5.044959978101839e-006	1.5031949807008684	1.5031974385237845
0.014089999999999511	1.5027677022771968	1.5027652415710129	-7.489120434911456e-006	-5.0377479965391103e-006
0.014094999999999511	1.6069133010887526	1.6069107918987007	-7.489120434911456e-006	-5.0022208597511053e-006
0.01409999999999951	1.7110578482970595	1.7110553005998406	-7.489120434911456e-006	-4.9737991503207013e-006
0.01410499999999951	1.8152009886307496	1.815198420477123	-7.489120434911456e-006	-4.9382720135326963e-006
0.01410999999999951	7.51754214434186e-006	4.9396554057463362e-006	1.8502320388180349	1.850234589539923
0.01411499999999951	7.51754214434186e-006	4.9648697300128857e-006	1.7813610303180227	1.7813635722063736
0.01411999999999951	7.51754214434186e-006	4.9883534536235001e-006	1.712241395762808	1.7122439075478724
0.014124999999999509	7.51754214434186e-006	5.0095327689287152e-006	1.6428116023697037	1.6428140980906392
0.014129999999999509	7.51754214434186e-006	5.0284128694200961e-006	1.5731036197486017	1.5731060898360738
0.014134999999999509	7.51754214434186e-006	5.0449999109412779e-006	1.5031493386940435	1.5031517932584393
0.014139999999999509	1.5027217443730478	1.5027192740713944	-7.489120434911456e-006	-5.0306425691815093e-006
0.014144999999999509	1.606867328973749	1.6068648250119264	-7.489120434911456e-006	-5.0022208597511053e-006
0.014149999999999508	1.7110118619712011	1.7110093343259054	-7.489120434911456e-006	-4.9737991503207013e-006
0.014154999999999508	1.8151550307266007	1.8151524548160203	-7.489120434911456e-006	-4.9453774408902973e-006
0.014159999999999508	7.51754214434186e-006	4.9396927003356975e-006	1.8501858660615733	1.8501884184729533
0.014164999999999508	7.51754214434186e-006	4.9649053447072687e-006	1.7813143570765351	1.7813168966540616
0.014169999999999508	7.51754214434186e-006	4.9883873848997713e-006	1.7121942395639742	1.7121967559319273
0.014174999999999507	7.51754214434186e-006	5.0095650125947781e-006	1.6427639866234445	1.6427664846219159
0.014179999999999507	7.51754214434186e-006	5.0284434220400767e-006	1.5730555679178242	1.5730580429362817
0.014184999999999507	7.51754214434186e-006	5.0450287698323111e-006	1.503100874284131	1.5031033342438604
0.014189999999999507	1.5026730437739388	1.5026705765240673	-7.489120434911456e-006	-5.0306425691815093e-006
0.014194999999999507	1.6068186425854947	1.6068161281139239	-7.489120434911456e-006	-5.0022208597511053e-006
0.014199999999999506	1.7109631755829469	1.7109606380772215	-7.489120434911456e-006	-4.9737991503207013e-006
0.014204999999999506	1.8151063301274917	1.8151037592166475	-7.489120434911456e-006	-4.9382720135326963e-006
0.014209999999999506	7.51754214434186e-006	4.9397191781577254e-006	1.8501370234909635	1.8501395828707246
0.014214999999999506	7.51754214434186e-006	4.9649301303910467e-006	1.7812651643855004	1.7812676986750375
0.014219999999999506	7.51754214434186e-006	4.9884104784925425e-006	1.7121447143787858	1.7121472311032448
0.014224999999999505	7.51754214434186e-006	5.0095864146471776e-006	1.6427141524415481	1.6427166471544297
0.014229999999999505	7.51754214434186e-006	5.0284631338311157e-006	1.5730054482239575	1.5730079212517012
0.014234999999999505	7.51754214434186e-006	5.0450467933642849e-006	1.503050492540249	1.5030529425530403
0.014239999999999505	1.5026225241854263	1.5026200518940911	-7.489120434911456e-006	-5.0306425691815093e-006
0.014244999999999505	1.6067681087861274	1.6067656041577079	-7.489120434911456e-006	-5.0022208597511053e-006
0.014249999999999504	1.7109126417835796	1.710910114794759	-7.489120434911456e-006	-4.9737991503207013e-006
0.014254999999999504	1.8150558105389791	1.8150532366079304	-7.489120434911456e-006	-4.9453774408902973e-006
0.014259999999999504	7.51754214434186e-006	4.93973509813708e-006	1.8500864125927872	1.8500889709116564
0.014264999999999504	7.51754214434186e-006	4.9649443723284566e-006	1.7812143498606849	1.7812168877640033
0.014269999999999504	7.51754214434186e-006	4.9884230457872722e-006	1.7120937136795944	1.712096228345672
0.014274999999999503	7.51754214434186e-006	5.0095973122951332e-006	1.6426629887922184	1.6426654809720276
0.014279999999999503	7.51754214434186e-006	5.028472367519429e-006	1.5729541447745334	1.5729566200661793
0.014284999999999503	7.51754214434186e-006	5.04505436946453e-006	1.5029990723570403	1.5030015276806807
0.014289999999999503	1.5025710524696478	1.5025685757356322	-7.489120434911456e-006	-5.0306425691815093e-006
0.014294999999999503	1.606716637070349	1.6067141286857649	-7.489120434911456e-006	-5.0022208597511053e-006
0.014299999999999502	1.7108611842786559	1.710858640009326	-7.489120434911456e-006	-4.9737991503207013e-006
0.014304999999999502	1.815004324612346	1.8150017625089965	-7.489120434911456e-006	-4.9382720135326963e-006
0.014309999999999502	7.51754214434186e-006	4.9397408630992579e-006	1.8500349066443247	1.8500374636687411
0.014314999999999502	7.51754214434186e-006	4.9649484978657055e-006	1.7811627809288311	1.7811653236776692
0.014319999999999502	7.51754214434186e-006	4.9884255383951142e-006	1.7120420987892611	1.712044607415919
0.014324999999999501	7.51754214434186e-006	5.0095981810682162e-006	1.6426113505598219	1.6426138458314199
0.014329999999999501	7.51754214434186e-006	5.0284716221982523e-006	1.5729025056856951	1.5729049778201443
0.014334999999999501	7.51754214434186e-006	5.0450520204272199e-006	1.50294745475766	1.5029499067509278
0.014339999999999501	1.5025194528561769	1.5025169846202728	-7.489120434911456e-006	-5.0306425691815093e-006
0.014344999999999501	1.6066650374568781	1.6066625382585153	-7.489120434911456e-006	-5.0022208597511053e-006
0.0143499999999995	1.7108095988760397	1.7108070502701791	-7.489120434911456e-006	-4.9737991503207013e-006
0.0143549999999995	1.8149527392097298	1.8149501734579441	-7.489120434911456e-006	-4.9382720135326963e-006
0.0143599999999995	7.51754214434186e-006	4.9397370049058377e-006	1.8499833392246008	1.8499859066878344
0.0143649999999995	7.51754214434186e-006	4.9649430613062066e-006	1.7811112835478966	1.7811138235401813
0.014369999999999499	7.51754214434186e-006	4.9884185327743273e-006	1.7119906878132123	1.7119931996489868
0.014374999999999499	7.51754214434186e-006	5.0095896191921003e-006	1.6425600476922484	1.6425625375404707
0.014379999999999499	7.51754214434186e-006	5.0284615174662707e-006	1.5728513324481963	1.5728538116377422
0.014384999999999499	7.51754214434186e-006	5.045040386822838e-006	1.5028964324816834	1.5028988897825002
0.014389999999999499	1.5024685353637324	1.5024660658602571	-7.489120434911456e-006	-5.0377479965391103e-006
0.014394999999999498	1.6066141341752882	1.6066116201776997	-7.489120434911456e-006	-5.0022208597511053e-006
0.014399999999999498	1.7107586671727404	1.7107561328685565	-7.489120434911456e-006	-4.9737991503207013e-006
0.014404999999999498	1.8149018217172852	1.8148992567355049	-7.489120434911456e-006	-4.9382720135326963e-006
0.014409999999999498	7.51754214434186e-006	4.939724168543917e-006	1.8499324940271298	1.849935053144236
0.014414999999999498	7.51754214434186e-006	4.964928727787325e-006	1.7810606322429623	1.781063168948549
0.014419999999999497	7.51754214434186e-006	4.988402713900554e-006	1.711940245900738	1.7119427582201752
0.014424999999999497	7.51754214434186e-006	5.0095723310607814e-006	1.6425098356903709	1.6425123305907618
0.014429999999999497	7.51754214434186e-006	5.0284427767101102e-006	1.5728013706477593	1.5728038391671362
0.014434999999999497	7.51754214434186e-006	5.0450202105993675e-006	1.5028467409388817	1.5028492015289885
0.014439999999999497	1.5024190247459046	1.5024165486037915	-7.489120434911456e-006	-5.0448534238967113e-006
0.014444999999999496	1.6065646093466057	1.6065621035817939	-7.489120434911456e-006	-5.0022208597511053e-006
0.014449999999999496	1.7107091423440579	1.7107066169332035	-7.489120434911456e-006	-4.9737991503207013e-006
0.014454999999999496	1.8148523110994574	1.814849741460695	-7.489120434911456e-006	-4.9453774408902973e-006
0.014459999999999496	7.51754214434186e-006	4.9397030954747071e-006	1.8498830960475943	1.8498856633186733
0.014464999999999496	7.51754214434186e-006	4.9649062564638949e-006	1.781011541526939	1.7810140775509353
0.014469999999999495	7.51754214434186e-006	4.9883788582915171e-006	1.7118914769003373	1.7118939936722199
0.014474999999999495	7.51754214434186e-006	5.0095471101107539e-006	1.6424614075002189	1.6424639071033198
0.014479999999999495	7.51754214434186e-006	5.0284162098363729e-006	1.5727533020960771	1.5727557780564894
0.014484999999999495	7.51754214434186e-006	5.0449923176805172e-006	1.5027990505810003	1.5028015027951369
0.014489999999999495	1.5023715604911558	1.5023690963523784	-7.489120434911456e-006	-5.0306425691815093e-006
0.014494999999999494	1.6065171593027117	1.606514651963447	-7.489120434911456e-006	-5.0022208597511053e-006
0.014499999999999494	1.7106617065110186	1.7106591659479149	-7.489120434911456e-006	-4.9737991503207013e-006
