0.014009999999999514	7.51754214434186e-006	3.0001682002657497e-006	0.70754052393701172	0.7075450270122019
0.014014999999999514	7.51754214434186e-006	3.0025390906177803e-006	0.6658456707939413	0.66585016966769217
0.014019999999999514	7.51754214434186e-006	3.003924919872884e-006	0.62413410441573369	0.62413860391075104
0.014024999999999514	7.51754214434186e-006	3.0040025303513946e-006	0.58241237595687556	0.58241687739268855
0.014029999999999513	7.51754214434186e-006	3.002780038574601e-006	0.54069859875788528	0.54070309474241185
0.014034999999999513	7.51754214434186e-006	3.0002660729605142e-006	0.4990107698746778	0.49901527177098615
0.014039999999999513	0.49905604271316406	2.9967149309921451e-006	-7.489120434911456e-006	0.49904552668067481
0.014044999999999513	0.56161700001666759	2.9950555016192194e-006	-7.489120434911456e-006	0.56160649819503305
0.014049999999999513	0.62418304480615916	2.9948648774528754e-006	-7.489120434911456e-006	0.62417254298452463
0.014054999999999512	0.68673779196615214	2.9966243630413579e-006	-7.489120434911456e-006	0.68672727238094922
0.014059999999999512	7.51754214434186e-006	3.0001996594210684e-006	0.7075651959228888	0.70756970060870117
0.014064999999999512	7.51754214434186e-006	3.002571111150407e-006	0.66586989998393387	0.66587439917498159
0.014069999999999512	7.51754214434186e-006	3.0039574887161065e-006	0.6241578850679933	0.62416238577611693
0.014074999999999512	7.51754214434186e-006	3.004035629999055e-006	0.58243570057755623	0.58244019740527619
0.014079999999999511	7.51754214434186e-006	3.0028136513999617e-006	0.5407214600971183	0.54072596000764861
0.014084999999999511	7.51754214434186e-006	3.0003001812246361e-006	0.49903316092819039	0.49903766452530363
0.014089999999999511	0.49907794164028019	2.9967495134459222e-006	-7.489120434911456e-006	0.49906743981864565
0.014094999999999511	0.56163842998557811	2.9950905392028508e-006	-7.489120434911456e-006	0.5616279246112299
0.01409999999999951	0.62420399160600937	2.9949003566255748e-006	-7.489120434911456e-006	0.6241934791262338
0.01410499999999951	0.68675821296437789	2.9966602656984047e-006	-7.489120434911456e-006	0.68674771469545703
0.01410999999999951	7.51754214434186e-006	3.0002359639246154e-006	0.70758513513602905	0.70758963488515292
0.01411499999999951	7.51754214434186e-006	3.0026077981481291e-006	0.66588933096734537	0.66589382896609095
0.01411999999999951	7.51754214434186e-006	3.003994544482678e-006	0.62417680394855635	0.62418130397645655
0.014124999999999509	7.51754214434186e-006	3.0040730362056755e-006	0.58245410236077222	0.58245860046213238
0.014129999999999509	7.51754214434186e-006	3.0028513896804049e-006	0.54073934004331525	0.54074383726288033
0.014134999999999509	7.51754214434186e-006	3.0003382331834322e-006	0.49905051455298788	0.49905501953162457
0.014139999999999509	0.4990947815031177	2.9967878571645016e-006	-7.489120434911456e-006	0.49908425836520109
0.014144999999999509	0.56165471562508174	2.995129155140252e-006	-7.489120434911456e-006	0.5616442138034472
0.014149999999999508	0.6242197230221791	2.9949392309553224e-006	-7.503331289626658e-006	0.62420922475325824
0.014154999999999508	0.68677343278977787	2.9966993799893065e-006	-7.489120434911456e-006	0.6867629203100023
0.014159999999999508	7.51754214434186e-006	3.0002752962600561e-006	0.70759979654560134	0.70760429693450533
0.014164999999999508	7.51754214434186e-006	3.0026473290387402e-006	0.66590344401001622	0.66590794389753682
0.014169999999999508	7.51754214434186e-006	3.00403426015974e-006	0.62419036666760919	0.62419486468456853
0.014174999999999507	7.51754214434186e-006	3.004112918335828e-006	0.58246711231705384	0.58247161049962415
0.014179999999999507	7.51754214434186e-006	3.0028914199724916e-006	0.54075179505200832	0.54075629307703821
0.014184999999999507	7.51754214434186e-006	3.0003783933961484e-006	0.49906241268297247	0.49906691401702119
0.014189999999999507	0.49910612176518043	2.9968281256688559e-006	-7.489120434911456e-006	0.49909559862726383
0.014194999999999507	0.56166550166381057	2.9951695127620451e-006	-7.489120434911456e-006	0.561654989184035
0.014199999999999506	0.62422995483757404	2.9949796641789917e-006	-7.489120434911456e-006	0.62421944235779847
0.014204999999999506	0.68678308196012949	2.996739870849154e-006	-7.489120434911456e-006	0.68677257658578128
0.014209999999999506	7.51754214434186e-006	3.0003158234957165e-006	0.70760888957627477	0.70761339188152306
0.014214999999999506	7.51754214434186e-006	3.0026878738484657e-006	0.66591197396386081	0.66591647041036595
0.014219999999999506	7.51754214434186e-006	3.004074809310755e-006	0.62419833346881204	0.6242028298686364
0.014224999999999505	7.51754214434186e-006	3.0041534542583466e-006	0.58247451602733991	0.58247901435493077
0.014229999999999505	7.51754214434186e-006	3.0029319252119075e-006	0.54075863597632912	0.54076313560358358
0.014234999999999505	7.51754214434186e-006	3.0004188506198736e-006	0.49906869136785631	0.49907319521480531
0.014239999999999505	0.49911182031792123	2.9968685144256116e-006	-7.489120434911456e-006	0.49910131849628669
0.014244999999999505	0.56167066020407219	2.9952098150249805e-006	-7.489120434911456e-006	0.56166014772429662
0.014249999999999504	0.62423454494364705	2.9950198672904712e-006	-7.489120434911456e-006	0.62422404312201252
0.014254999999999504	0.68678711784286861	2.9967799580328968e-006	-7.489120434911456e-006	0.68677661602123408
0.014259999999999504	7.51754214434186e-006	3.0003557749978285e-006	0.70761237468204874	0.70761687354092828
0.014264999999999504	7.51754214434186e-006	3.0027276723001517e-006	0.66591490576774393	0.66591940495186464
0.014269999999999504	7.51754214434186e-006	3.0041144425365562e-006	0.62420071366377927	0.62420521373951487
0.014274999999999503	7.51754214434186e-006	3.0041929061411202e-006	0.58247634702012863	0.58248084400247535
0.014279999999999503	7.51754214434186e-006	3.0029711798133778e-006	0.54075992039628462	0.54076441813322162
0.014284999999999503	7.51754214434186e-006	3.0004578921864053e-006	0.49906943206440679	0.49907393773196418
0.014289999999999503	0.49911203348074196	2.9969073244680127e-006	-7.489120434911456e-006	0.49910151034282535
0.014294999999999503	0.56167031914355903	2.9952483773484475e-006	-7.489120434911456e-006	0.56165981021649714
0.014299999999999502	0.62423367808150942	2.9950581705728454e-006	-7.489120434911456e-006	0.62422317625987489
0.014304999999999502	0.68678572517910652	2.9968179873170508e-006	-7.489120434911456e-006	0.68677521625204463
0.014309999999999502	7.51754214434186e-006	3.0003935127713585e-006	0.70761044961679409	0.70761495507554173
0.014314999999999502	7.51754214434186e-006	3.0027651032668378e-006	0.66591245975026814	0.66591695713213994
0.014319999999999502	7.51754214434186e-006	3.0041515560233946e-006	0.62419774997653255	0.62420224722359308
0.014324999999999501	7.51754214434186e-006	3.0042296880696135e-006	0.582472870170329	0.58247736944849748
0.014329999999999501	7.51754214434186e-006	3.0030076163361772e-006	0.54075593508508013	0.54076043198847401
0.014334999999999501	7.51754214434186e-006	3.0004939696918624e-006	0.49906494318363126	0.49906944710187418
0.014339999999999501	0.49910703125988221	2.9969430270831447e-006	-7.489120434911456e-006	0.49909652588553399
0.014344999999999501	0.56166484796449367	2.995283691276487e-006	-7.489120434911456e-006	0.56165433193200442
0.0143499999999995	0.62422770952252904	2.9950930862194659e-006	-7.489120434911456e-006	0.62421720770089451
0.0143549999999995	0.68677927345106582	2.9968524920592284e-006	-7.489120434911456e-006	0.68676876807671761
0.0143599999999995	7.51754214434186e-006	3.0004275919342552e-006	0.70760352660692294	0.70760803083658175
0.0143649999999995	7.51754214434186e-006	3.0027987441404274e-006	0.66590506797404359	0.66590956748768804
0.014369999999999499	7.51754214434186e-006	3.0041847497920601e-006	0.62418989407097447	0.62419439572636293
0.014374999999999499	7.51754214434186e-006	3.0042624231581935e-006	0.58246455642562023	0.58246905609848909
0.014379999999999499	7.51754214434186e-006	3.0030398814400612e-006	0.54074716995028804	0.54075166744382841
0.014384999999999499	7.51754214434186e-006	3.0005257537801966e-006	0.49905573326293201	0.49906023491530505
0.014389999999999499	0.49909738208953058	2.9969743174036054e-006	-7.489120434911456e-006	0.49908688382060973
0.014394999999999498	0.5616547724685006	2.9953144768612173e-006	-7.503331289626658e-006	0.56164425998872503
0.014399999999999498	0.62421720770089451	2.9951233594979047e-006	-7.489120434911456e-006	0.62420670587925997
0.014404999999999498	0.68676835951464454	2.9968822431280774e-006	-7.489120434911456e-006	0.68675785058758265
0.014409999999999498	7.51754214434186e-006	3.0004568093969563e-006	0.70759220194101191	0.70759670833808741
0.014414999999999498	7.51754214434186e-006	3.0028274182469669e-006	0.66589334316235249	0.66589783997983432
0.014419999999999497	7.51754214434186e-006	3.0042128738395833e-006	0.62417777482785686	0.62418227386729086
0.014424999999999497	7.51754214434186e-006	3.0042899884062449e-006	0.58245205045148829	0.58245654699362603
0.014429999999999497	7.51754214434186e-006	3.0030668794443894e-006	0.54073428506489241	0.54073878530402908
0.014434999999999497	7.51754214434186e-006	3.0005521763945631e-006	0.49904247740123575	0.49904697974056944
0.014439999999999497	0.49908376809071342	2.9970001553391822e-006	-7.489120434911456e-006	0.49907326271636521
0.014444999999999496	0.56164078898746084	2.9953397222650275e-006	-7.489120434911456e-006	0.56163029071853998
0.014449999999999496	0.6242028973701963	2.9951480070161907e-006	-7.489120434911456e-006	0.6241923884431344
0.014454999999999496	0.68675370812343317	2.996906285825353e-006	-7.489120434911456e-006	0.68674319919637128
0.014459999999999496	7.51754214434186e-006	3.0004802394313273e-006	0.70757721971393128	0.70758172299179023
0.014464999999999496	7.51754214434186e-006	3.0028502290553662e-006	0.66587804196342559	0.66588253844201972
0.014469999999999495	7.51754214434186e-006	3.0042350609831618e-006	0.62416216114340961	0.62416666324338621
0.014474999999999495	7.51754214434186e-006	3.0043115461715804e-006	0.58243613298321373	0.58244063438905869
0.014479999999999495	7.51754214434186e-006	3.0030878024259438e-006	0.54071807259170002	0.54072257071879903
0.014484999999999495	7.51754214434186e-006	3.000572459495097e-006	0.49902597877496802	0.49903048449095877
0.014489999999999495	0.4990670134930042	2.9970197929101179e-006	-7.489120434911456e-006	0.49905649035508759
0.014494999999999494	0.56162376438351203	2.995358709706263e-006	-7.489120434911456e-006	0.56161324835102278
0.014499999999999494	0.6241856027600079	2.9951663412791299e-006	-7.489120434911456e-006	0.624175093832946
