0.29999800000025867 0.003199751498826231 12 1.9999997164786454
0.30000000000025867 0.0032318559608768282 12 4.253486451939646e-007
0.30000200000025867 0.0032639502125988429 12 3.0000004253208896
0.30000400000025867 0.0032960278934126563 12 6.000000425293134
0.30000600000025868 0.0033280828448596367 12 9.0000004252653785
0.30000800000025868 0.0033601091053441223 12 12.000000425326441
0.30001000000025868 75.000007651158228 12 15.000000425298685
0.30001200000025868 75.000007602186926 12 18.00000042527093
0.30001400000025868 75.000007553178506 12 21.00000042533199
0.30001600000025869 75.000007504128405 12 24.000000425304236
0.30001800000025869 75.000007455048134 12 27.000000425276479
0.30002000000025869 75.000007405948836 12 29.99999971644904
0.30002200000025869 75.000007356841337 12 27.999999716463844
0.30002400000025869 75.000007307736112 12 25.999999716478644
0.3000260000002587 75.000007258643294 12 23.999999716434235
0.3000280000002587 75.000007209572729 12 21.99999971644904
0.3000300000002587 75.000007160533926 12 19.999999716463844
0.3000320000002587 75.000007111536092 12 17.999999716419435
0.3000340000002587 75.000007062588153 12 15.999999716434237
0.30003600000025871 75.000007013698735 12 13.99999971644904
0.30003800000025871 75.000006964876178 12 11.999999716404631
0.30004000000025871 0.0030713599336849029 12 9.999999716419433
0.30004200000025871 0.0031034435954495621 12 7.9999997164342362
0.30004400000025871 0.0031355384270028708 12 5.9999997164490395
0.30004600000025872 0.0031676433941214555 12 3.9999997164046306
0.30004800000025872 0.003199751498826231 12 1.9999997164194336
0.30005000000025872 0.0032318559608768282 12 4.253486451939646e-007
0.30005200000025872 0.0032639502125988429 12 3.0000004254097075
0.30005400000025872 0.0032960278934126563 12 6.0000004253819519
0.30005600000025873 0.0033280828448596367 12 9.0000004253541963
0.30005800000025873 0.0033601091053441223 12 12.000000425415259
0.30006000000025873 75.000007651158228 12 15.000000425387503
0.30006200000025873 75.000007602186926 12 18.000000425359747
0.30006400000025873 75.000007553178506 12 21.000000425420808
0.30006600000025874 75.000007504128405 12 24.000000425393054
0.30006800000025874 75.000007455048134 12 27.000000425365297
0.30007000000025874 75.000007405948836 12 29.99999971644904
0.30007200000025874 75.000007356841337 12 27.999999716404631
0.30007400000025874 75.000007307736112 12 25.999999716419435
0.30007600000025875 75.000007258643294 12 23.999999716434235
0.30007800000025875 75.000007209572729 12 21.999999716389826
0.30008000000025875 75.000007160533926 12 19.999999716404631
0.30008200000025875 75.000007111536092 12 17.999999716419435
0.30008400000025875 75.000007062588153 12 15.999999716375024
0.30008600000025876 75.000007013698735 12 13.999999716389828
0.30008800000025876 75.000006964876178 12 11.999999716404631
0.30009000000025876 0.0030713599336849029 12 9.9999997163602217
0.30009200000025876 0.0031034435954495621 12 7.9999997163750249
0.30009400000025876 0.0031355384270028708 12 5.9999997163898273
0.30009600000025877 0.0031676433941214555 12 3.9999997163454188
0.30009800000025877 0.003199751498826231 12 1.9999997163602217
0.30010000000025877 0.0032318559608768282 12 4.2543746303593451e-007
