Time	Tensao_chave
0.037275200000041933	125.00407326633905
0.037275300000041936	125.00573773916875
0.037275400000041939	125.00740129313967
0.037275500000041942	125.00906392826994
0.037275600000041945	125.01072564457775
0.037275700000041948	125.01238644208121
0.03727580000004195	125.01404632079854
0.037275900000041953	125.01570528074797
0.037276000000041956	125.01736332194764
0.037276100000041959	125.01902044441586
0.037276200000041962	125.02067664817082
0.037276300000041965	125.02233193323079
0.037276400000041968	125.02398629961405
0.037276500000041971	125.02563974733891
0.037276600000041973	125.02729227642362
0.037276700000041976	125.02894388688652
0.037276800000041979	125.03059457874596
0.037276900000041982	125.03224435202026
0.037277000000041985	125.03389320672777
0.037277100000041988	125.03554114288688
0.037277200000041991	125.037188160516
0.037277300000041994	125.03883425963352
0.037277400000041996	125.04047944025783
0.037277500000041999	125.04212370240739
0.037277600000042002	125.04376704610063
0.037277700000042005	125.04540947135604
0.037277800000042008	125.04705097819206
0.037277900000042011	125.04869156662718
0.037278000000042014	125.05033123667994
0.037278100000042017	125.0519699883688
0.037278200000042019	125.05360782171235
0.037278300000042022	125.05524473672911
0.037278400000042025	125.05688073343765
0.037278500000042028	125.05851581185654
0.037278600000042031	125.06014997200435
0.037278700000042034	125.06178321389973
0.037278800000042037	125.06341553756127
0.03727890000004204	125.06504694300759
0.037279000000042042	125.06667743025739
0.037279100000042045	125.06830699932925
0.037279200000042048	125.06993565024194
0.037279300000042051	125.07156338301408
0.037279400000042054	125.0731901976644
0.037279500000042057	125.07481609421163
0.03727960000004206	125.07644107267448
0.037279700000042063	125.07806513307175
0.037279800000042065	125.07968827542216
0.037279900000042068	125.08131049974448
0.037280000000042071	125.08293180605752
0.037280100000042074	125.08455219438008
0.037280200000042077	125.08617166473095
0.03728030000004208	125.08779021712905
0.037280400000042083	125.08940785159317
0.037280500000042086	125.09102456814216
0.037280600000042088	125.09264036679491
0.037280700000042091	125.09425524757032
0.037280800000042094	125.09586921048731
0.037280900000042097	125.09748225556478
0.0372810000000421	125.09909438282168
0.037281100000042103	125.10070559227697
0.037281200000042106	125.10231588394961
0.037281300000042109	125.10392525785855
0.037281400000042111	125.1055337140228
0.037281500000042114	125.10714125246139
0.037281600000042117	125.10874787319332
0.03728170000004212	125.11035357623763
0.037281800000042123	125.11195836161339
0.037281900000042126	125.11356222933961
0.037282000000042129	125.11516517943542
0.037282100000042132	125.11676721191991
0.037282200000042134	125.1183683268122
0.037282300000042137	125.11996852413138
0.03728240000004214	125.1215678038966
0.037282500000042143	125.12316616612702
0.037282600000042146	125.12476361084181
0.037282700000042149	125.12636013806011
0.037282800000042152	125.12795574780114
0.037282900000042155	125.1295504400841
0.037283000000042157	125.13114421492827
0.03728310000004216	125.1327370723528
0.037283200000042163	125.13432901237695
0.037283300000042166	125.13592003502006
0.037283400000042169	125.1375101403014
0.037283500000042172	125.13909932824022
0.037283600000042175	125.14068759885583
0.037283700000042178	125.14227495216761
0.03728380000004218	125.14386138819484
0.037283900000042183	125.14544690695689
0.037284000000042186	125.14703150847313
0.037284100000042189	125.14861519276295
0.037284200000042192	125.15019795984571
0.037284300000042195	125.15177980974084
0.037284400000042198	125.15336074246781
0.037284500000042201	125.154940758046
0.037284600000042203	125.15651985649487
0.037284700000042206	125.15809803783392
0.037284800000042209	125.15967530208263
0.037284900000042212	125.16125164926048
0.037285000000042215	125.16282707938696
0.037285100000042218	125.16440159248162
0.037285200000042221	125.16597518856399
0.037285300000042224	125.16754786765367
0.037285400000042226	125.16911962977014
0.037285500000042229	125.17069047493302
0.037285600000042232	125.17226040316194
0.037285700000042235	125.17382941447647
0.037285800000042238	125.17539750889625
0.037285900000042241	125.17696468644095
0.037286000000042244	125.1785309471302
0.037286100000042247	125.18009629098366
0.037286200000042249	125.18166071802102
0.037286300000042252	125.18322422826198
0.037286400000042255	125.18478682172621
0.037286500000042258	125.1863484984335
0.037286600000042261	125.18790925840358
0.037286700000042264	125.18946910165616
0.037286800000042267	125.19102802821105
0.03728690000004227	125.192586038088
0.037287000000042272	125.19414313130684
0.037287100000042275	125.19569930788738
0.037287200000042278	125.19725456784943
0.037287300000042281	125.19880891121284
0.037287400000042284	125.20036233799743
0.037287500000042287	125.20191484822311
0.03728760000004229	125.20346644190977
0.037287700000042293	125.2050171190773
0.037287800000042295	125.20656687974557
0.037287900000042298	125.20811572393455
0.037288000000042301	125.20966365166416
0.037288100000042304	125.21121066295436
0.037288200000042307	125.21275675782513
0.03728830000004231	125.21430193629647
0.037288400000042313	125.21584619838831
0.037288500000042316	125.21738954412073
0.037288600000042318	125.21893197351375
0.037288700000042321	125.22047348658734
0.037288800000042324	125.22201408336167
0.037288900000042327	125.22355376385673
0.03728900000004233	125.22509252809263
0.037289100000042333	125.22663037608945
0.037289200000042336	125.2281673078673
0.037289300000042339	125.22970332344634
0.037289400000042341	125.2312384228467
0.037289500000042344	125.2327726060885
0.037289600000042347	125.23430587319197
0.03728970000004235	125.23583822417726
0.037289800000042353	125.23736965906454
0.037289900000042356	125.23890017787406
0.037290000000042359	125.24042978062607
0.037290100000042362	0.0062092795921984134
0.037290200000042364	0.0062112045651900871
0.037290300000042367	0.0062131295381533391
0.03729040000004237	0.0062150545110597477
0.037290500000042373	0.0062169794839377346
0.037290600000042376	0.0062189044567304563
0.037290700000042379	0.0062208294295089672
0.037290800000042382	0.006222754402202213
0.037290900000042385	0.006224679374867037
0.037291000000042387	0.0062266043474608068
0.03729110000004239	0.0062285293200261549
0.037291200000042393	0.0062304542925630813
0.037291300000042396	0.0062323792650147425
0.037291400000042399	0.0062343042374664037
0.037291500000042402	0.006236229209818589
0.037291600000042405	0.0062381541821423525
0.037291700000042408	0.0062400791543950618
0.03729180000004241	0.0062420041265909276
0.037291900000042413	0.0062439290987583718
0.037292000000042416	0.0062458540708831833
0.037292100000042419	0.0062477790429653624
0.037292200000042422	0.0062497040149906979
0.037292300000042425	0.0062516289869307684
0.037292400000042428	0.006253553958856628
0.037292500000042431	0.0062554789307824876
0.037292600000042433	0.0062574039025946604
0.037292700000042436	0.0062593288743642006
0.037292800000042439	0.0062612538460768974
0.037292900000042442	0.0062631788177469616
0.037293000000042445	0.0062651037893886041
0.037293100000042448	0.0062670287609734032
0.037293200000042451	0.006268953732487148
0.037293300000042454	0.006270878703986682
0.037293400000042456	0.0062728036754009509
0.037293500000042459	0.0062747286467725871
0.037293600000042462	0.0062766536181158017
0.037293700000042465	0.0062785785893737511
0.037293800000042468	0.0062805035606174897
0.037293900000042471	0.0062824285318043849
0.037294000000042474	0.0062843535029344366
0.037294100000042477	0.0062862784740218558
0.037294200000042479	0.0062882034450382207
0.037294300000042482	0.0062901284160545856
0.037294400000042485	0.0062920533869856854
0.037294500000042488	0.0062939783578457309
0.037294600000042491	0.0062959033286773547
0.037294700000042494	0.0062978282994947676
0.037294800000042497	0.0062997532702127046
0.0372949000000425	0.0063016782409164307
0.037295000000042502	0.0063036032115491025
0.037295100000042505	0.0063055281821107201
0.037295200000042508	0.0063074531526581268
0.037295300000042511	0.0063093781231486901
0.037295400000042514	0.0063113030936250425
0.037295500000042517	0.0063132280640019189
0.03729560000004252	0.0063151530343361628
0.037295700000042523	0.0063170780046277741
0.037295800000042525	0.0063190029748767529
0.037295900000042528	0.0063209279450546774
0.037296000000042531	0.006322852915218391
0.037296100000042534	0.0063247778852968395
0.037296200000042537	0.0063267028553326554
0.03729630000004254	0.0063286278253542605
0.037296400000042543	0.0063305527953048113
0.037296500000042546	0.0063324777652127295
0.037296600000042548	0.0063344027350638044
0.037296700000042551	0.0063363277048580358
0.037296800000042554	0.0063382526745812129
0.037296900000042557	0.0063401776442901792
0.03729700000004256	0.0063421026139565129
0.037297100000042563	0.0063440275835375814
0.037297200000042566	0.0063459525531044392
0.037297300000042569	0.0063478775226002426
0.037297400000042571	0.0063498024920534135
0.037297500000042574	0.0063517274614639518
0.037297600000042577	0.0063536524308176467
0.03729770000004258	0.0063555774001287091
0.037297800000042583	0.006357502369382928
0.037297900000042586	0.0063594273385803035
0.037298000000042589	0.0063613523077634682
0.037298100000042592	0.0063632772768613677
0.037298200000042595	0.0063652022459024238
0.037298300000042597	0.006367127214929269
0.0372984000000426	0.00636905218388506
0.037298500000042603	0.0063709771527982184
0.037298600000042606	0.0063729021216403225
0.037298700000042609	0.0063748270904824267
0.037298800000042612	0.0063767520592250548
0.037298900000042615	0.0063786770279534721
0.037299000000042618	0.0063806019965824134
0.03729910000004262	0.0063825269652255656
0.037299200000042623	0.0063844519337834527
0.037299300000042626	0.0063863769022987071
0.037299400000042629	0.006388301870771329
0.037299500000042632	0.0063902268392013184
0.037299600000042635	0.0063921518075460426
0.037299700000042638	0.0063940767758623451
0.037299800000042641	0.0063960017441218042
0.037299900000042643	0.0063979267123528416
0.037300000000042646	0.0063998516805128247
0.037300100000042649	0.0064017766486728078
0.037300200000042652	0.0064037016167475258
0.037300300000042655	0.0064056265847511895
0.037300400000042658	0.0064075515527122207
0.037300500000042661	0.0064094765206448301
0.037300600000042664	0.0064114014885205961
0.037300700000042666	0.0064133264563395187
0.037300800000042669	0.0064152514241158087
0.037300900000042672	0.0064171763918352553
0.037301000000042675	0.0064191013595120694
0.037301100000042678	0.0064210263271462509
0.037301200000042681	0.0064229512947377998
0.037301300000042684	0.0064248762622725053
0.037301400000042687	0.0064268012297361565
0.037301500000042689	0.0064287261971571752
0.037301600000042692	0.0064306511645355613
0.037301700000042695	0.0064325761318713148
0.037301800000042698	0.0064345010991502249
0.037301900000042701	0.0064364260663865025
0.037302000000042704	0.0064383510335659366
0.037302100000042707	0.0064402760006885273
0.03730220000004271	0.0064422009677542746
0.037302300000042712	0.0064441259348200219
0.037302400000042715	0.006446050901814715
0.037302500000042718	0.0064479758687525646
0.037302600000042721	0.0064499008356193599
0.037302700000042724	0.0064518258024719444
0.037302800000042727	0.0064537507692534746
0.03730290000004273	0.0064556757360065831
0.037303000000042733	0.0064576007026886373
0.037303100000042735	0.0064595256693280589
0.037303200000042738	0.0064614506359106372
0.037303300000042741	0.0064633756024647937
0.037303400000042744	0.0064653005689336851
0.037303500000042747	0.0064672255353741548
0.03730360000004275	0.0064691505017719919
0.037303700000042753	0.0064710754681129856
0.037303800000042756	0.0064730004344113468
0.037303900000042758	0.0064749254006528645
0.037304000000042761	0.0064768503668517496
0.037304100000042764	0.0064787753329795805
0.037304200000042767	0.0064807002990932006
0.03730430000004277	0.0064826252651357663
0.037304400000042773	0.0064845502311499104
0.037304500000042776	0.0064864751970930001
0.037304600000042779	0.0064884001630076682
0.037304700000042781	0.0064903251288228603
0.037304800000042784	0.0064922500946380524
0.037304900000042787	0.0064941750603821902
0.03730500000004279	0.0064961000260836954
0.037305100000042793	0.0064980249917567789
0.037305200000042796	0.0064999499573730191
0.037305300000042799	0.0065018749228755723
0.037305400000042802	0.0065037998883923365
0.037305500000042804	0.006505724853866468
0.037305600000042807	0.0065076498192695453
0.03730570000004281	0.0065095747846442009
0.037305800000042813	0.0065114997499051697
0.037305900000042816	0.0065134247151945601
0.037306000000042819	0.0065153496803844746
0.037306100000042822	0.0065172746455459674
0.037306200000042825	0.0065191996106506167
0.037306300000042827	0.0065211245757126335
0.03730640000004283	0.0065230495407462286
0.037306500000042833	0.0065249745057087694
0.037306600000042836	0.006526899470586045
0.037306700000042839	0.0065288244354633207
0.037306800000042842	0.0065307494002979638
0.037306900000042845	0.0065326743650331309
0.037307000000042848	0.006534599329768298
0.03730710000004285	0.0065365242944182
0.037307200000042853	0.0065384492590396803
0.037307300000042856	0.0065403742236043172
0.037307400000042859	0.0065422991881263215
0.037307500000042862	0.0065442241525772715
0.037307600000042865	0.0065461491169997998
0.037307700000042868	0.0065480740813512739
0.037307800000042871	0.0065499990456601154
0.037307900000042873	0.0065519240099689569
0.037308000000042876	0.0065538489741925332
0.037308100000042879	0.0065557739383450553
0.037308200000042882	0.0065576989024833665
0.037308300000042885	0.0065596238665506235
0.037308400000042888	0.006561548830561037
0.037308500000042891	0.0065634737945714505
0.037308600000042894	0.0065653987584539664
0.037308700000042896	0.0065673237223506931
0.037308800000042899	0.0065692486861763655
0.037308900000042902	0.0065711736499451945
0.037309000000042905	0.0065730986136571801
0.037309100000042908	0.0065750235773549548
0.037309200000042911	0.0065769485409674644
0.037309300000042914	0.0065788735045515523
0.037309400000042917	0.0065807984680787968
0.037309500000042919	0.0065827234315776195
0.037309600000042922	0.006584648395005388
0.037309700000042925	0.0065865733583763131
0.037309800000042928	0.0065884983217046056
0.037309900000042931	0.0065904232849902655
0.037310000000042934	0.0065923482482332929
0.037310100000042937	124.74232647632863
0.03731020000004294	124.74412965116728
0.037310300000042942	124.74593213493472
0.037310400000042945	124.7477336972845
0.037310500000042948	124.74953433823259
0.037310600000042951	124.75133405779499
0.037310700000042954	124.75313285598767
0.037310800000042957	124.75493073282665
0.03731090000004296	124.75672768832796
0.037311000000042963	124.75852372250759
0.037311100000042965	124.76031883538164
0.037311200000042968	124.76211302696619
0.037311300000042971	124.76390629727727
0.037311400000042974	124.765698646331
0.037311500000042977	124.7674900741435
0.03731160000004298	124.76928058073088
0.037311700000042983	124.7710701661093
0.037311800000042986	124.77285883029489
0.037311900000042988	124.77464657330384
0.037312000000042991	124.77643339515231
0.037312100000042994	124.7782192958565
0.037312200000042997	124.78000427543265
0.037312300000043	124.78178833389697
0.037312400000043003	124.7835714712657
0.037312500000043006	124.7853536875551
0.037312600000043009	124.78713498278142
0.037312700000043011	124.78891535696101
0.037312800000043014	124.7906948101101
0.037312900000043017	124.79247334224502
0.03731300000004302	124.79425095338213
0.037313100000043023	124.79602764353773
0.037313200000043026	124.7978034127282
0.037313300000043029	124.79957826096989
0.037313400000043032	124.8013521882792
0.037313500000043034	124.80312519467257
0.037313600000043037	124.80489728016639
0.03731370000004304	124.80666844477707
0.037313800000043043	124.80843868852111
0.037313900000043046	124.81020801141491
0.037314000000043049	124.81197641347498
0.037314100000043052	124.81374389471779
0.037314200000043055	124.81551045515988
0.037314300000043057	124.81727609481771
0.03731440000004306	124.81904081370789
0.037314500000043063	124.8208046118469
0.037314600000043066	124.82256748925133
0.037314700000043069	124.82432944593776
0.037314800000043072	124.82609048192279
0.037314900000043075	124.82785059722301
0.037315000000043078	124.82960979185501
0.03731510000004308	124.83136806583548
0.037315200000043083	124.83312541918104
0.037315300000043086	124.83488185190834
0.037315400000043089	124.83663736403406
0.037315500000043092	124.83839195557496
0.037315600000043095	124.84014562654767
0.037315700000043098	124.84189837696896
0.037315800000043101	124.84365020685553
0.037315900000043103	124.84540111622417
0.037316000000043106	124.8471511050916
0.037316100000043109	124.84890017347463
0.037316200000043112	124.85064832139007
0.037316300000043115	124.8523955488547
0.037316400000043118	124.85414185588536
0.037316500000043121	124.85588724249888
0.037316600000043124	124.85763170871212
0.037316700000043126	124.85937525454194
0.037316800000043129	124.86111788000521
0.037316900000043132	124.86285958511885
0.037317000000043135	124.86460036989978
0.037317100000043138	124.86634023436488
0.037317200000043141	124.86807917853113
0.037317300000043144	124.86981720241549
0.037317400000043147	124.87155430603492
0.037317500000043149	124.87329048940643
0.037317600000043152	124.87502575254695
0.037317700000043155	124.87676009547354
0.037317800000043158	124.87849351820321
0.037317900000043161	124.88022602075303
0.037318000000043164	124.88195760314002
0.037318100000043167	124.88368826538129
0.03731820000004317	124.88541800749388
0.037318300000043172	124.88714682949495
0.037318400000043175	124.88887473140154
0.037318500000043178	124.89060171323085
0.037318600000043181	124.89232777499997
0.037318700000043184	124.89405291672607
0.037318800000043187	124.89577713842635
0.03731890000004319	124.89750044011799
0.037319000000043193	124.8992228218182
0.037319100000043195	124.90094428354416
0.037319200000043198	124.90266482531312
0.037319300000043201	124.90438444714233
0.037319400000043204	124.90610314904904
0.037319500000043207	124.90782093105051
0.03731960000004321	124.90953779316405
0.037319700000043213	124.911253735407
0.037319800000043216	124.91296875779663
0.037319900000043219	124.9146828603503
0.037320000000043221	124.91639604308531
0.037320100000043224	124.91810830601901
0.037320200000043227	124.91981964916883
0.03732030000004323	124.92153007255217
0.037320400000043233	124.92323957618642
0.037320500000043236	124.924948160089
0.037320600000043239	124.9266558242773
0.037320700000043242	124.92836256876879
0.037320800000043244	124.93006839358097
0.037320900000043247	124.93177329873129
0.03732100000004325	124.93347728423726
0.037321100000043253	124.93518035011637
0.037321200000043256	124.93688249638616
0.037321300000043259	124.93858372306414
0.037321400000043262	124.94028403016785
0.037321500000043265	124.94198341771491
0.037321600000043267	124.94368188572281
0.03732170000004327	124.94537943420923
0.037321800000043273	124.94707606319173
0.037321900000043276	124.94877177268793
0.037322000000043279	124.95046656271552
0.037322100000043282	124.95216043329211
0.037322200000043285	124.95385338443538
0.037322300000043288	124.95554541616301
0.03732240000004329	124.95723652849264
0.037322500000043293	124.95892672144205
0.037322600000043296	124.96061599502895
0.037322700000043299	124.96230434927102
0.037322800000043302	124.96399178418608
0.037322900000043305	124.96567829979188
0.037323000000043308	124.96736389610618
0.037323100000043311	124.96904857314681
0.037323200000043313	124.97073233093153
0.037323300000043316	124.97241516947824
0.037323400000043319	124.97409708880474
0.037323500000043322	124.97577808892885
0.037323600000043325	124.97745816986847
0.037323700000043328	124.97913733164148
0.037323800000043331	124.98081557426579
0.037323900000043334	124.98249289775931
0.037324000000043336	124.98416930213995
0.037324100000043339	124.98584478742566
0.037324200000043342	124.9875193536344
0.037324300000043345	124.98919300078413
0.037324400000043348	124.99086572889284
0.037324500000043351	124.99253753797855
0.037324600000043354	124.99420842805921
0.037324700000043357	124.9958783991529
0.037324800000043359	124.99754745127765
0.037324900000043362	124.99921558445153
0.037325000000043365	125.0008827986926
0.037325100000043368	125.00254909401892
0.037325200000043371	125.0042144704486
0.037325300000043374	125.0058789279998
0.037325400000043377	125.00754246669061
0.03732550000004338	125.0092050865392
0.037325600000043382	125.01086678756369
0.037325700000043385	125.01252756978226
0.037325800000043388	125.01418743321311
0.037325900000043391	125.01584637787442
0.037326000000043394	125.01750440378446
0.037326100000043397	125.01916151096138
0.0373262000000434	125.0208176994235
0.037326300000043403	125.02247296918902
0.037326400000043405	125.02412732027625
0.037326500000043408	125.02578075270348
0.037326600000043411	125.02743326648898
0.037326700000043414	125.02908486165106
0.037326800000043417	125.03073553820812
0.03732690000004342	125.0323852961784
0.037327000000043423	125.03403413558033
0.037327100000043426	125.03568205643226
0.037327200000043428	125.03732905875259
0.037327300000043431	125.03897514255974
0.037327400000043434	125.04062030787209
0.037327500000043437	125.04226455470811
0.03732760000004344	125.04390788308625
0.037327700000043443	125.04555029302492
0.037327800000043446	125.04719178454263
0.037327900000043449	125.04883235765787
0.037328000000043451	125.05047201238914
0.037328100000043454	125.05211074875496
0.037328200000043457	125.05374856677386
0.03732830000004346	125.0553854664644
0.037328400000043463	125.05702144784514
0.037328500000043466	125.05865651093463
0.037328600000043469	125.06029065575147
0.037328700000043472	125.06192388231426
0.037328800000043474	125.06355619064163
0.037328900000043477	125.06518758075224
0.03732900000004348	125.0668180526647
0.037329100000043483	125.06844760639767
0.037329200000043486	125.07007624196984
0.037329300000043489	125.07170395939991
0.037329400000043492	125.07333075870659
0.037329500000043495	125.07495663990861
0.037329600000043497	125.07658160302464
0.0373297000000435	125.07820564807349
0.037329800000043503	125.07982877507391
0.037329900000043506	125.08145098404466
0.037330000000043509	125.08307227500455
0.037330100000043512	125.0846926479724
0.037330200000043515	125.08631210296699
0.037330300000043518	125.08793064000719
0.03733040000004352	125.08954825911184
0.037330500000043523	125.09116496029979
0.037330600000043526	125.09278074358994
0.037330700000043529	125.09439560900117
0.037330800000043532	125.09600955655237
0.037330900000043535	125.09762258626253
0.037331000000043538	125.09923469815052
0.037331100000043541	125.10084589223533
0.037331200000043543	125.10245616853589
0.037331300000043546	125.10406552707119
0.037331400000043549	125.10567396786024
0.037331500000043552	125.10728149092205
0.037331600000043555	125.10888809627562
0.037331700000043558	125.11049378394
0.037331800000043561	125.1120985539342
0.037331900000043564	125.11370240627733
0.037332000000043566	125.11530534098847
0.037332100000043569	125.11690735808672
0.037332200000043572	125.11850845759119
0.037332300000043575	125.12010863952098
0.037332400000043578	125.12170790389521
0.037332500000043581	125.12330625073309
0.037332600000043584	125.12490368005373
0.037332700000043587	125.12650019187637
0.037332800000043589	125.12809578622017
0.037332900000043592	125.12969046310431
0.037333000000043595	125.13128422254805
0.037333100000043598	125.13287706457064
0.037333200000043601	125.1344689891913
0.037333300000043604	125.13605999642931
0.037333400000043607	125.13765008630394
0.03733350000004361	125.13923925883452
0.037333600000043612	125.14082751404035
0.037333700000043615	125.14241485194074
0.037333800000043618	125.14400127255504
0.037333900000043621	125.14558677590259
0.037334000000043624	125.14717136200278
0.037334100000043627	125.14875503087494
0.03733420000004363	125.1503377825385
0.037334300000043633	125.15191961701291
0.037334400000043635	125.15350053431752
0.037334500000043638	125.15508053447181
0.037334600000043641	125.15665961749522
0.037334700000043644	125.15823778340723
0.037334800000043647	125.15981503222734
0.03733490000004365	125.16139136397501
0.037335000000043653	125.16296677866978
0.037335100000043656	125.16454127633114
0.037335200000043658	125.16611485697868
0.037335300000043661	125.16768752063192
0.037335400000043664	125.16925926731042
0.037335500000043667	125.17083009703381
0.03733560000004367	125.17240000982164
0.037335700000043673	125.17396900569352
0.037335800000043676	125.17553708466909
0.037335900000043679	125.17710424676801
0.037336000000043681	125.17867049200993
0.037336100000043684	125.18023582041448
0.037336200000043687	125.18180023200139
0.03733630000004369	125.18336372679036
0.037336400000043693	125.18492630480105
0.037336500000043696	125.18648796605324
0.037336600000043699	125.18804871056662
0.037336700000043702	125.18960853836097
0.037336800000043704	125.19116744945607
0.037336900000043707	125.19272544387169
0.03733700000004371	125.19428252162763
0.037337100000043713	125.19583868274368
0.037337200000043716	125.19739392723972
0.037337300000043719	125.19894825513555
0.037337400000043722	125.20050166645102
0.037337500000043725	125.20205416120601
0.037337600000043727	125.20360573942042
0.03733770000004373	125.20515640111412
0.037337800000043733	125.20670614630703
0.037337900000043736	125.20825497501914
0.037338000000043739	125.20980288727029
0.037338100000043742	125.21134988308049
0.037338200000043745	125.2128959624697
0.037338300000043748	125.21444112545791
0.03733840000004375	125.21598537206512
0.037338500000043753	125.21752870231128
0.037338600000043756	125.21907111621653
0.037338700000043759	125.22061261380082
0.037338800000043762	125.22215319508429
0.037338900000043765	125.22369286008693
0.037339000000043768	125.22523160882884
0.037339100000043771	125.22676944133015
0.037339200000043773	125.22830635761096
0.037339300000043776	125.22984235769137
0.037339400000043779	125.23137744159155
0.037339500000043782	125.23291160933167
0.037339600000043785	125.23444486093187
0.037339700000043788	125.23597719641234
0.037339800000043791	125.23750861579326
0.037339900000043794	125.23903911909488
0.037340000000043796	125.24056870633743
0.037340100000043799	0.0062092664381339091
0.037340200000043802	0.0062111914111540045
0.037340300000043805	0.0062131163840888348
0.037340400000043808	0.0062150413570094543
0.037340500000043811	0.0062169663298590194
0.037340600000043814	0.006218891302665952
0.037340700000043817	0.0062208162754444629
0.037340800000043819	0.0062227412481519195
0.037340900000043822	0.0062246662208167436
0.037341000000043825	0.0062265911934389351
0.037341100000043828	0.0062285161660042831
0.037341200000043831	0.0062304411385127878
0.037341300000043834	0.0062323661109502382
0.037341400000043837	0.0062342910833876886
0.03734150000004384	0.0062362160557540847
0.037341600000043842	0.0062381410280778482
0.037341700000043845	0.0062400660003305575
0.037341800000043848	0.0062419909725690559
0.037341900000043851	0.0062439159447222892
0.037342000000043854	0.0062458409168613116
0.037342100000043857	0.0062477658889292798
0.03734220000004386	0.0062496908609546153
0.037342300000043863	0.0062516158329088967
0.037342400000043866	0.0062535408048347563
0.037342500000043868	0.0062554657767037725
0.037342600000043871	0.0062573907485443669
0.037342700000043874	0.0062593157203139071
0.037342800000043877	0.0062612406920266039
0.03734290000004388	0.0062631656636966682
0.037343000000043883	0.0062650906353383107
0.037343100000043886	0.0062670156069088989
0.037343200000043889	0.0062689405784652763
0.037343300000043891	0.0062708655499079669
0.037343400000043894	0.0062727905213506574
0.037343500000043897	0.0062747154927365045
0.0373436000000439	0.0062766404640655082
0.037343700000043903	0.0062785654353518794
0.037343800000043906	0.006280490406595618
0.037343900000043909	0.0062824153777540914
0.037344000000043912	0.0062843403488841432
0.037344100000043914	0.0062862653199573515
0.037344200000043917	0.0062881902909879273
0.03734430000004392	0.0062901152619758705
0.037344400000043923	0.0062920402329353919
0.037344500000043926	0.0062939652038096483
0.037344600000043929	0.006295890174655483
0.037344700000043932	0.0062978151454302633
0.037344800000043935	0.0062997401161624111
0.037344900000043937	0.0063016650868661372
0.03734500000004394	0.0063035900575130199
0.037345100000043943	0.0063055150280888483
0.037345200000043946	0.0063074399986220442
0.037345300000043949	0.0063093649691126075
0.037345400000043952	0.0063112899395605382
0.037345500000043955	0.0063132149099516255
0.037345600000043958	0.0063151398803142911
0.03734570000004396	0.0063170648505774807
0.037345800000043963	0.0063189898208264594
0.037345900000043966	0.0063209147910185948
0.037346000000043969	0.0063228397611680975
0.037346100000043972	0.0063247647312891786
0.037346200000043975	0.0063266897013107837
0.037346300000043978	0.0063286146713181779
0.037346400000043981	0.0063305396412545178
0.037346500000043983	0.0063324646111624361
0.037346600000043986	0.0063343895810135109
0.037346700000043989	0.006336314550836164
0.037346800000043992	0.0063382395205593411
0.037346900000043995	0.0063401644902540966
0.037347000000043998	0.0063420894599204303
0.037347100000044001	0.0063440144295157097
0.037347200000044004	0.0063459393990683566
0.037347300000044006	0.0063478643685499492
0.037347400000044009	0.0063497893380173309
0.037347500000044012	0.0063517143074278692
0.037347600000044015	0.0063536392767815641
0.037347700000044018	0.0063555642461068373
0.037347800000044021	0.0063574892153468454
0.037347900000044024	0.0063594141845442209
0.037348000000044027	0.0063613391536989639
0.037348100000044029	0.0063632641228110742
0.037348200000044032	0.0063651890918947629
0.037348300000044035	0.0063671140608931864
0.037348400000044038	0.0063690390298631883
0.037348500000044041	0.006370963998747925
0.037348600000044044	0.0063728889676184508
0.037348700000044047	0.0063748139364321332
0.03734880000004405	0.0063767389052173939
0.037348900000044052	0.0063786638739173895
0.037349000000044055	0.0063805888425747526
0.037349100000044058	0.006382513811189483
0.037349200000044061	0.0063844387797473701
0.037349300000044064	0.0063863637482768354
0.037349400000044067	0.0063882887167210356
0.03734950000004407	0.0063902136851794467
0.037349600000044073	0.00639213865350996
0.037349700000044075	0.0063940636218404734
0.037349800000044078	0.0063959885901141433
0.037349900000044081	0.0063979135583309699
0.037350000000044084	0.0063998385265051638
0.037350100000044087	0.0064017634946509361
0.03735020000004409	0.0064036884626972324
0.037350300000044093	0.0064056134307151069
0.037350400000044096	0.0064075383987045598
0.037350500000044098	0.0064094633666087475
0.037350600000044101	0.0064113883344845135
0.037350700000044104	0.006413313302317647
0.037350800000044107	0.006415238270093937
0.03735090000004411	0.0064171632378133836
0.037351000000044113	0.0064190882054901977
0.037351100000044116	0.00642101317313859
0.037351200000044119	0.0064229381407017172
0.037351300000044121	0.0064248631082222118
0.037351400000044124	0.0064267880757142848
0.037351500000044127	0.0064287130431353035
0.03735160000004413	0.0064306380105136896
0.037351700000044133	0.0064325629778494431
0.037351800000044136	0.0064344879451425641
0.037351900000044139	0.0064364129123646308
0.037352000000044142	0.0064383378795582757
0.037352100000044144	0.0064402628466950773
0.037352200000044147	0.0064421878137750355
0.03735230000004415	0.0064441127807981502
0.037352400000044153	0.0064460377477786324
0.037352500000044156	0.006447962714716482
0.037352600000044159	0.0064498876815974882
0.037352700000044162	0.0064518126484642835
0.037352800000044165	0.0064537376152316028
0.037352900000044167	0.0064556625819847113
0.03735300000004417	0.0064575875486667655
0.037353100000044173	0.0064595125152919763
0.037353200000044176	0.0064614374818887654
0.037353300000044179	0.0064633624484145002
0.037353400000044182	0.0064652874149260242
0.037353500000044185	0.0064672123813807048
0.037353600000044188	0.006469137347764331
0.03735370000004419	0.0064710623140911139
0.037353800000044193	0.0064729872803752642
0.037353900000044196	0.0064749122466594144
0.037354000000044199	0.0064768372128440888
0.037354100000044202	0.0064787621789861305
0.037354200000044205	0.0064806871450713288
0.037354300000044208	0.0064826121111281054
0.037354400000044211	0.0064845370771422495
0.037354500000044213	0.0064864620430853392
0.037354600000044216	0.0064883870089857965
0.037354700000044219	0.0064903119748436211
0.037354800000044222	0.0064922369406303915
0.037354900000044225	0.0064941619063745293
0.037355000000044228	0.0064960868720902454
0.037355100000044231	0.0064980118377491181
0.037355200000044234	0.0064999368033369365
0.037355300000044236	0.0065018617688821223
0.037355400000044239	0.0065037867343846756
0.037355500000044242	0.0065057116998445963
0.037355600000044245	0.0065076366652618844
0.037355700000044248	0.0065095616306223292
0.037355800000044251	0.0065114865959117196
0.037355900000044254	0.0065134115611584775
0.037356000000044257	0.0065153365263910246
0.037356100000044259	0.0065172614915525173
0.037356200000044262	0.0065191864566571667
0.037356300000044265	0.0065211114217049726
0.037356400000044268	0.006523036386710146
0.037356500000044271	0.0065249613516868976
0.037356600000044274	0.0065268863166068058
0.037356700000044277	0.0065288112814698707
0.03735680000004428	0.0065307362463045138
0.037356900000044282	0.0065326612110396809
0.037357000000044285	0.0065345861757322155
0.037357100000044288	0.00653651114042475
0.037357200000044291	0.0065384361050462303
0.037357300000044294	0.0065403610695966563
0.037357400000044297	0.0065422860341044498
0.0373575000000443	0.0065442109985838215
0.037357600000044303	0.0065461359630063498
0.037357700000044305	0.0065480609273720347
0.037357800000044308	0.0065499858916808762
0.037357900000044311	0.006551910855961296
0.037358000000044314	0.0065538358201990832
0.037358100000044317	0.0065557607843373944
0.03735820000004432	0.0065576857484757056
0.037358300000044323	0.0065596107125571734
0.037358400000044326	0.0065615356765817978
0.037358500000044328	0.0065634606405495788
0.037358600000044331	0.006565385604488938
0.037358700000044334	0.0065673105683288213
0.037358800000044337	0.0065692355321687046
0.03735890000004434	0.0065711604959517445
0.037359000000044343	0.0065730854596779409
0.037359100000044346	0.0065750104233472939
0.037359200000044349	0.0065769353869882252
0.037359300000044351	0.0065788603505438914
0.037359400000044354	0.0065807853140995576
0.037359500000044357	0.0065827102775699586
0.03735960000004436	0.0065846352409977271
0.037359700000044363	0.0065865602043970739
0.037359800000044366	0.0065884851677111556
0.037359900000044369	0.0065904101310110264
0.037360000000044372	0.0065923350942398429
0.037360100000044374	124.74246400425531
0.037360200000044377	124.74426716365022
0.03736030000004438	124.74606963197276
0.037360400000044383	124.74787117887615
0.037360500000044386	124.74967180437632
0.037360600000044389	124.75147150848926
0.037360700000044392	124.75327029123096
0.037360800000044395	124.75506815261747
0.037360900000044397	124.75686509266473
0.0373610000000444	124.75866111138885
0.037361100000044403	124.76045620880583
0.037361200000044406	124.76225038493178
0.037361300000044409	124.76404363978276
0.037361400000044412	124.76583597337483
0.037361500000044415	124.76762738572418
0.037361600000044418	124.76941787684692
0.03736170000004442	124.77120744675912
0.037361800000044423	124.77299609547703
0.037361900000044426	124.7747838230167
0.037362000000044429	124.7765706293944
0.037362100000044432	124.77835651462632
0.037362200000044435	124.78014147872869
0.037362300000044438	124.78192552171765
0.037362400000044441	124.78370864360954
0.037362500000044443	124.78549084442059
0.037362600000044446	124.78727212416706
0.037362700000044449	124.78905248286519
0.037362800000044452	124.79083192053137
0.037362900000044455	124.79261043718186
0.037363000000044458	124.79438803283301
0.037363100000044461	124.79616470750113
0.037363200000044464	124.79794046120263
0.037363300000044466	124.79971529395385
0.037363400000044469	124.80148920577119
0.037363500000044472	124.80326219667106
0.037363600000044475	124.80503426666985
0.037363700000044478	124.806805415784
0.037363800000044481	124.80857564402996
0.037363900000044484	124.81034495142418
0.037364000000044487	124.81211333798316
0.03736410000004449	124.81388080372335
0.037364200000044492	124.81564734866132
0.037364300000044495	124.81741297281354
0.037364400000044498	124.81917767619657
0.037364500000044501	124.82094145882692
0.037364600000044504	124.82270432072119
0.037364700000044507	124.82446626189594
0.03736480000004451	124.82622728236775
0.037364900000044513	124.82798738215325
0.037365000000044515	124.82974656126902
0.037365100000044518	124.83150481973175
0.037365200000044521	124.83326215755807
0.037365300000044524	124.83501857476463
0.037365400000044527	124.83677407136813
0.03736550000004453	124.83852864738526
0.037365600000044533	124.84028230283269
0.037365700000044536	124.84203503772721
0.037365800000044538	124.84378685208551
0.037365900000044541	124.84553774592436
0.037366000000044544	124.84728771926052
0.037366100000044547	124.84903677211075
0.03736620000004455	124.85078490449189
0.037366300000044553	124.85253211642072
0.037366400000044556	124.85427840791407
0.037366500000044559	124.85602377898876
0.037366600000044561	124.85776822966167
0.037366700000044564	124.85951175994964
0.037366800000044567	124.8612543698696
0.03736690000004457	124.86299605943839
0.037367000000044573	124.86473682867297
0.037367100000044576	124.86647667759023
0.037367200000044579	124.86821560620714
0.037367300000044582	124.86995361454069
0.037367400000044584	124.87169070260776
0.037367500000044587	124.87342687042538
0.03736760000004459	124.87516211801056
0.037367700000044593	124.87689644538028
0.037367800000044596	124.8786298525516
0.037367900000044599	124.88036233954156
0.037368000000044602	124.88209390636717
0.037368100000044605	124.8838245530456
0.037368200000044607	124.88555427959386
0.03736830000004461	124.88728308602902
0.037368400000044613	124.88901097236827
0.037368500000044616	124.89073793862872
0.037368600000044619	124.89246398482749
0.037368700000044622	124.89418911098176
0.037368800000044625	124.89591331710866
0.037368900000044628	124.89763660322544
0.03736900000004463	124.89935896934927
0.037369100000044633	124.90108041549739
0.037369200000044636	124.90280094168702
0.037369300000044639	124.90452054793539
0.037369400000044642	124.90623923425979
0.037369500000044645	124.90795700067747
0.037369600000044648	124.90967384720572
0.037369700000044651	124.91138977386186
0.037369800000044653	124.91310478066316
0.037369900000044656	124.91481886762702
0.037370000000044659	124.91653203477071
0.037370100000044662	124.91824428211166
0.037370200000044665	124.91995560966721
0.037370300000044668	124.92166601745475
0.037370400000044671	124.92337550549173
0.037370500000044674	124.92508407379557
0.037370600000044676	124.92679172238363
0.037370700000044679	124.92849845127341
0.037370800000044682	124.93020426048238
0.037370900000044685	124.93190915002799
0.037371000000044688	124.93361311992777
0.037371100000044691	124.93531617019919
0.037371200000044694	124.93701830085979
0.037371300000044697	124.9387195119271
0.037371400000044699	124.94041980341868
0.037371500000044702	124.94211917535208
0.037371600000044705	124.94381762774488
0.037371700000044708	124.94551516061468
0.037371800000044711	124.94721177397906
0.037371900000044714	124.94890746785572
0.037372000000044717	124.95060224226222
0.03737210000004472	124.95229609721625
0.037372200000044722	124.95398903273545
0.037372300000044725	124.9556810488375
0.037372400000044728	124.95737214554012
0.037372500000044731	124.95906232286102
0.037372600000044734	124.96075158081791
0.037372700000044737	124.96243991942852
0.03737280000004474	124.96412733871061
0.037372900000044743	124.96581383868195
0.037373000000044745	124.96749941936037
0.037373100000044748	124.9691840807636
0.037373200000044751	124.97086782290944
0.037373300000044754	124.97255064581577
0.037373400000044757	124.9742325495004
0.03737350000004476	124.97591353398118
0.037373600000044763	124.97759359927599
0.037373700000044766	124.97927274540268
0.037373800000044768	124.98095097237919
0.037373900000044771	124.98262828022345
0.037374000000044774	124.98430466895334
0.037374100000044777	124.98598013858684
0.03737420000004478	124.98765468914186
0.037374300000044783	124.98932832063642
0.037374400000044786	124.99100103308845
0.037374500000044789	124.99267282651601
0.037374600000044791	124.99434370093709
0.037374700000044794	124.99601365636971
0.037374800000044797	124.99768269283192
0.0373749000000448	124.99935081034175
0.037375000000044803	125.00101800891727
0.037375100000044806	125.00268428857663
0.037375200000044809	125.00434964933787
0.037375300000044812	125.00601409121913
0.037375400000044814	125.0076776142385
0.037375500000044817	125.0093402184142
0.03737560000004482	125.0110019037643
0.037375700000044823	125.01266267030701
0.037375800000044826	125.01432251806054
0.037375900000044829	125.01598144704306
0.037376000000044832	125.01763945727281
0.037376100000044835	125.01929654876798
0.037376200000044837	125.02095272154688
0.03737630000004484	125.02260797562772
0.037376400000044843	125.02426231102879
0.037376500000044846	125.02591572776834
0.037376600000044849	125.02756822586471
0.037376700000044852	125.02921980533623
0.037376800000044855	125.03087046620121
0.037376900000044858	125.032520208478
0.03737700000004486	125.03416903218496
0.037377100000044863	125.03581693734046
0.037377200000044866	125.03746392396287
0.037377300000044869	125.03910999207065
0.037377400000044872	125.04075514168214
0.037377500000044875	125.04239937281582
0.037377600000044878	125.04404268549013
0.037377700000044881	125.04568507972354
0.037377800000044883	125.04732655553453
0.037377900000044886	125.04896711294155
0.037378000000044889	125.05060675196316
0.037378100000044892	125.05224547261783
0.037378200000044895	125.05388327492413
0.037378300000044898	125.05552015890061
0.037378400000044901	125.05715612456575
0.037378500000044904	125.05879117193824
0.037378600000044906	125.06042530103662
0.037378700000044909	125.06205851187948
0.037378800000044912	125.06369080448549
0.037378900000044915	125.06532217887323
0.037379000000044918	125.06695263506138
0.037379100000044921	125.06858217306859
0.037379200000044924	125.07021079291354
0.037379300000044927	125.07183849461492
0.037379400000044929	125.07346527819143
0.037379500000044932	125.07509114366184
0.037379600000044935	125.0767160910448
0.037379700000044938	125.07834012035909
0.037379800000044941	125.07996323162351
0.037379900000044944	125.08158542485681
0.037380000000044947	125.0832067000778
0.03738010000004495	125.08482705730525
0.037380200000044952	125.086446496558
0.037380300000044955	125.0880650178549
0.037380400000044958	125.08968262121479
0.037380500000044961	125.09129930665655
0.037380600000044964	125.09291507419901
0.037380700000044967	125.09452992386112
0.03738080000004497	125.09614385566172
0.037380900000044973	125.09775686961981
0.037381000000044975	125.09936896575429
0.037381100000044978	125.10098014408413
0.037381200000044981	125.10259040462827
0.037381300000044984	125.10419974740566
0.037381400000044987	125.10580817243539
0.03738150000004499	125.10741567973639
0.037381600000044993	125.10902226932771
0.037381700000044996	125.1106279412284
0.037381800000044998	125.11223269545746
0.037381900000045001	125.11383653203401
0.037382000000045004	125.11543945097712
0.037382100000045007	125.11704145230586
0.03738220000004501	125.11864253603936
0.037382300000045013	125.12024270219676
0.037382400000045016	125.12184195079715
0.037382500000045019	125.1234402818597
0.037382600000045021	125.12503769540362
0.037382700000045024	125.12663419144803
0.037382800000045027	125.12822977001218
0.03738290000004503	125.12982443111522
0.037383000000045033	125.1314181747764
0.037383100000045036	125.13301100101498
0.037383200000045039	125.13460290985017
0.037383300000045042	125.13619390130128
0.037383400000045044	125.13778397538759
0.037383500000045047	125.13937313212838
0.03738360000004505	125.14096137154297
0.037383700000045053	125.14254869365067
0.037383800000045056	125.1441350984708
0.037383900000045059	125.14572058602275
0.037384000000045062	125.14730515632588
0.037384100000045065	125.14888880939958
0.037384200000045067	125.15047154526323
0.03738430000004507	125.15205336393623
0.037384400000045073	125.15363426543803
0.037384500000045076	125.15521424978806
0.037384600000045079	125.15679331700579
0.037384700000045082	125.15837146711067
0.037384800000045085	125.15994870012219
0.037384900000045088	125.16152501605984
0.03738500000004509	125.16310041494313
0.037385100000045093	125.16467489679161
0.037385200000045096	125.16624846162478
0.037385300000045099	125.16782110946221
0.037385400000045102	125.16939284032348
0.037385500000045105	125.17096365422817
0.037385600000045108	125.17253355119588
0.037385700000045111	125.17410253124621
0.037385800000045114	125.17567059439878
0.037385900000045116	125.17723774067326
0.037386000000045119	125.17880397008926
0.037386100000045122	125.18036928266648
0.037386200000045125	125.18193367842463
0.037386300000045128	125.18349715738339
0.037386400000045131	125.1850597195624
0.037386500000045134	125.18662136498148
0.037386600000045137	125.18818209366032
0.037386700000045139	125.1897419056187
0.037386800000045142	125.19130080087641
0.037386900000045145	125.19285877945316
0.037387000000045148	125.19441584136881
0.037387100000045151	125.19597198664317
0.037387200000045154	125.19752721529605
0.037387300000045157	125.19908152734729
0.03738740000004516	125.20063492281676
0.037387500000045162	125.20218740172432
0.037387600000045165	125.20373896408984
0.037387700000045168	125.20528960993323
0.037387800000045171	125.20683933927444
0.037387900000045174	125.20838815213332
0.037388000000045177	125.20993604852987
0.03738810000004518	125.211483028484
0.037388200000045183	125.21302909201567
0.037388300000045185	125.21457423914495
0.037388400000045188	125.21611846989182
0.037388500000045191	125.21766178427623
0.037388600000045194	125.21920418231828
0.037388700000045197	125.22074566403796
0.0373888000000452	125.22228622945534
0.037388900000045203	125.22382587859045
0.037389000000045206	125.22536461146346
0.037389100000045208	125.22690242809443
0.037389200000045211	125.22843932850347
0.037389300000045214	125.22997531271068
0.037389400000045217	125.23151038073624
0.03738950000004522	125.2330445326003
0.037389600000045223	125.23457776832299
0.037389700000045226	125.23611008792453
0.037389800000045229	125.23764149142511
0.037389900000045231	125.23917197884498
0.037390000000045234	125.24070155020434
0.037390100000045237	0.0062092522429821884
0.03739020000004524	0.0062111772159738621
0.037390300000045243	0.0062131021889513249
0.037390400000045246	0.0062150271618719444
0.037390500000045249	0.0062169521347357204
0.037390600000045252	0.0062188771075142313
0.037390700000045254	0.0062208020802927422
0.037390800000045257	0.0062227270530001988
0.03739090000004526	0.0062246520256792337
0.037391000000045263	0.0062265769982872143
0.037391100000045266	0.0062285019708525624
0.037391200000045269	0.0062304269433610671
0.037391300000045272	0.0062323519158269391
0.037391400000045275	0.0062342768882643895
0.037391500000045277	0.0062362018606165748
0.03739160000004528	0.0062381268329119166
0.037391700000045283	0.0062400518051930476
0.037391800000045286	0.0062419767774031243
0.037391900000045289	0.0062439017495847793
0.037392000000045292	0.00624582672169538
0.037392100000045295	0.006247751693777559
0.037392200000045298	0.0062496766658028946
0.0373923000000453	0.0062516016377713868
0.037392400000045303	0.0062535266096830355
0.037392500000045306	0.0062554515815520517
0.037392600000045309	0.0062573765533926462
0.037392700000045312	0.0062593015251906081
0.037392800000045315	0.0062612264968748832
0.037392900000045318	0.0062631514685733691
0.037393000000045321	0.0062650764402008008
0.037393100000045323	0.006267001411771389
0.037393200000045326	0.0062689263832851339
0.037393300000045329	0.0062708513547846678
0.037393400000045332	0.0062727763262131475
0.037393500000045335	0.0062747012975989946
0.037393600000045338	0.0062766262689279984
0.037393700000045341	0.0062785512402143695
0.037393800000045344	0.0062804762114581081
0.037393900000045346	0.0062824011826165815
0.037394000000045349	0.0062843261537466333
0.037394100000045352	0.0062862511248340525
0.037394200000045355	0.0062881760958930499
0.037394300000045358	0.0062901010668667823
0.037394400000045361	0.0062920260378120929
0.037394500000045364	0.0062939510086721384
0.037394600000045367	0.0062958759795179731
0.037394700000045369	0.0062978009503069643
0.037394800000045372	0.006299725921053323
0.037394900000045375	0.0063016508917428382
0.037395000000045378	0.0063035758623612992
0.037395100000045381	0.0063055008329513385
0.037395200000045384	0.0063074258034845343
0.037395300000045387	0.0063093507740035193
0.03739540000004539	0.00631127574445145
0.037395500000045392	0.0063132007148425373
0.037395600000045395	0.0063151256851767812
0.037395700000045398	0.0063170506554541817
0.037395800000045401	0.0063189756257031604
0.037395900000045404	0.0063209005958952957
0.037396000000045407	0.0063228255660447985
0.03739610000004541	0.0063247505361516687
0.037396200000045413	0.0063266755061874846
0.037396300000045415	0.006328600476180668
0.037396400000045418	0.0063305254461454297
0.037396500000045421	0.0063324504160391371
0.037396600000045424	0.0063343753858902119
0.037396700000045427	0.0063363003556986541
0.03739680000004543	0.0063382253254218313
0.037396900000045433	0.0063401502951450084
0.037397000000045436	0.0063420752647971312
0.037397100000045438	0.0063440002343924107
0.037397200000045441	0.0063459252039450575
0.037397300000045444	0.0063478501734550719
0.037397400000045447	0.0063497751429224536
0.03739750000004545	0.0063517001123187811
0.037397600000045453	0.0063536250816582651
0.037397700000045456	0.0063555500509835383
0.037397800000045459	0.0063574750202235464
0.037397900000045461	0.0063593999894493436
0.037398000000045464	0.0063613249586040865
0.037398100000045467	0.0063632499277019861
0.03739820000004547	0.006365174896757253
0.037398300000045473	0.0063670998657983091
0.037398400000045476	0.0063690248347541001
0.037398500000045479	0.0063709498036388368
0.037398600000045482	0.0063728747725093626
0.037398700000045484	0.0063747997413088342
0.037398800000045487	0.0063767247100940949
0.03739890000004549	0.0063786496788225122
0.037399000000045493	0.0063805746474656644
0.037399100000045496	0.006382499616066184
0.037399200000045499	0.0063844245846382819
0.037399300000045502	0.0063863495531677472
0.037399400000045505	0.0063882745216119474
0.037399500000045507	0.0063901994900561476
0.03739960000004551	0.0063921244584435044
0.037399700000045513	0.0063940494267313852
0.037399800000045516	0.0063959743950050552
0.037399900000045519	0.00639789936319346
0.037400000000045522	0.0063998243314102865
0.037400100000045525	0.006401749299527637
0.037400200000045528	0.0064036742675881442
0.03740030000004553	0.0064055992355918079
0.037400400000045533	0.0064075242035812607
0.037400500000045536	0.006409449171528081
0.037400600000045539	0.0064113741393896362
0.037400700000045542	0.0064132991072085588
0.037400800000045545	0.006415224074970638
0.037400900000045548	0.0064171490427042954
0.037401000000045551	0.0064190740103811095
0.037401100000045553	0.0064209989780295018
0.037401200000045556	0.006422923945592629
0.037401300000045559	0.0064248489131273345
0.037401400000045562	0.0064267738806051966
0.037401500000045565	0.0064286988480262153
0.037401600000045568	0.0064306238154188122
0.037401700000045571	0.0064325487827403549
0.037401800000045574	0.0064344737500476867
0.037401900000045576	0.0064363987172697534
0.037402000000045579	0.0064383236844349767
0.037402100000045582	0.0064402486516002
0.037402200000045585	0.0064421736186659473
0.037402300000045588	0.0064440985857174837
0.037402400000045591	0.006446023552683755
0.037402500000045594	0.0064479485196216046
0.037402600000045597	0.0064498734865026108
0.037402700000045599	0.0064517984533694062
0.037402800000045602	0.0064537234201367255
0.037402900000045605	0.0064556483868756231
0.037403000000045608	0.0064575733535718882
0.037403100000045611	0.0064594983202255207
0.037403200000045614	0.0064614232867796773
0.037403300000045617	0.0064633482533480446
0.03740340000004562	0.0064652732198311469
0.037403500000045622	0.0064671981862858274
0.037403600000045625	0.0064691231526694537
0.037403700000045628	0.0064710481190104474
0.037403800000045631	0.0064729730852945977
0.037403900000045634	0.0064748980515503263
0.037404000000045637	0.0064768230177492114
0.03740410000004564	0.0064787479838912532
0.037404200000045643	0.0064806729500048732
0.037404300000045645	0.006482597916047439
0.037404400000045648	0.0064845228820473721
0.037404500000045651	0.0064864478479904619
0.037404600000045654	0.00648837281390513
0.037404700000045657	0.0064902977797203221
0.03740480000004566	0.0064922227455355142
0.037404900000045663	0.006494147711279652
0.037405000000045666	0.0064960726769811572
0.037405100000045668	0.0064979976426542407
0.037405200000045671	0.00649992260825627
0.037405300000045674	0.0065018475738014558
0.037405400000045677	0.0065037725393040091
0.03740550000004568	0.0065056975047781407
0.037405600000045683	0.006507622470181218
0.037405700000045686	0.0065095474355416627
0.037405800000045689	0.0065114724008026315
0.037405900000045691	0.0065133973661062328
0.037406000000045694	0.0065153223312961472
0.037406100000045697	0.00651724729645764
0.0374062000000457	0.0065191722615765002
0.037406300000045703	0.0065210972266527278
0.037406400000045706	0.0065230221916436903
0.037406500000045709	0.0065249471566062311
0.037406600000045712	0.0065268721215119285
0.037406700000045714	0.0065287970863892042
0.037406800000045717	0.0065307220512096364
0.03740690000004572	0.0065326470159732253
0.037407000000045723	0.0065345719806373381
0.037407100000045726	0.0065364969453298727
0.037407200000045729	0.0065384219099655638
0.037407300000045732	0.006540346874501779
0.037407400000045735	0.0065422718390379941
0.037407500000045737	0.006544196803503155
0.03740760000004574	0.0065461217679256833
0.037407700000045743	0.0065480467322771574
0.037407800000045746	0.0065499716966286314
0.037407900000045749	0.0065518966608948404
0.037408000000045752	0.0065538216251184167
0.037408100000045755	0.0065557465892567279
0.037408200000045758	0.0065576715533950392
0.037408300000045761	0.006559596517476507
0.037408400000045763	0.0065615214814869205
0.037408500000045766	0.0065634464454831232
0.037408600000045769	0.0065653714093940607
0.037408700000045772	0.0065672963732765766
0.037408800000045775	0.0065692213370596164
0.037408900000045778	0.006571146300871078
0.037409000000045781	0.0065730712646114853
0.037409100000045784	0.0065749962282950491
0.037409200000045786	0.0065769211919075588
0.037409300000045789	0.0065788461554916466
0.037409400000045792	0.0065807711190188911
0.037409500000045795	0.0065826960824892922
0.037409600000045798	0.0065846210459454824
0.037409700000045801	0.0065865460093021966
0.037409800000045804	0.0065884709726589108
0.037409900000045807	0.0065903959359303599
0.037410000000045809	0.0065923208991733873
0.037410100000045812	124.74259551047649
0.037410200000045815	124.7443986540512
0.037410300000045818	124.74620110655246
0.037410400000045821	124.74800263763316
0.037410500000045824	124.7498032473092
0.037410600000045827	124.75160293559664
0.03741070000004583	124.75340170251147
0.037410800000045832	124.75519954806961
0.037410900000045835	124.75699647228716
0.037411000000045838	124.75879247518014
0.037411100000045841	124.76058755676459
0.037411200000045844	124.7623817170566
0.037411300000045847	124.76417495607222
0.03741140000004585	124.76596727382758
0.037411500000045853	124.76775867033876
0.037411600000045855	124.76954914562191
0.037411700000045858	124.77133869969316
0.037411800000045861	124.77312733256871
0.037411900000045864	124.77491504426465
0.037412000000045867	124.77670183479719
0.03741210000004587	124.77848770418257
0.037412200000045873	124.78027265243696
0.037412300000045876	124.7820566795766
0.037412400000045878	124.78383978561776
0.037412500000045881	124.78562197057664
0.037412600000045884	124.78740323446956
0.037412700000045887	124.7891835773128
0.03741280000004589	124.79096299912266
0.037412900000045893	124.79274149991539
0.037413000000045896	124.79451907970741
0.037413100000045899	124.79629573851501
0.037413200000045901	124.79807147635458
0.037413300000045904	124.79984629324247
0.037413400000045907	124.80162018919506
0.03741350000004591	124.80339316422877
0.037413600000045913	124.80516521836003
0.037413700000045916	124.80693635160526
0.037413800000045919	124.80870656398093
0.037413900000045922	124.81047585550346
0.037414000000045924	124.81224422618936
0.037414100000045927	124.81401167605509
0.03741420000004593	124.81577820511717
0.037414300000045933	124.81754381339212
0.037414400000045936	124.81930850089648
0.037414500000045939	124.82107226764677
0.037414600000045942	124.82283511365959
0.037414700000045945	124.82459703895148
0.037414800000045947	124.82635804353907
0.03741490000004595	124.82811812743896
0.037415000000045953	124.82987729066775
0.037415100000045956	124.83163553324209
0.037415200000045959	124.83339285517862
0.037415300000045962	124.83514925649401
0.037415400000045965	124.83690473720493
0.037415500000045968	124.83865929732811
0.03741560000004597	124.8404129368802
0.037415700000045973	124.84216565587798
0.037415800000045976	124.84391745433817
0.037415900000045979	124.84566833227751
0.037416000000045982	124.84741828971278
0.037416100000045985	124.84916732666072
0.037416200000045988	124.85091544313818
0.037416300000045991	124.85266263916193
0.037416400000045993	124.85440891474883
0.037416500000045996	124.85615426991572
0.037416600000045999	124.85789870467941
0.037416700000046002	124.85964221905679
0.037416800000046005	124.86138481306476
0.037416900000046008	124.86312648672018
0.037417000000046011	124.86486724004001
0.037417100000046014	124.86660707304114
0.037417200000046016	124.86834598574052
0.037417300000046019	124.87008397815509
0.037417400000046022	124.87182105030189
0.037417500000046025	124.87355720219784
0.037417600000046028	124.87529243385995
0.037417700000046031	124.87702674530524
0.037417800000046034	124.87876013655075
0.037417900000046037	124.88049260761352
0.037418000000046039	124.88222415851058
0.037418100000046042	124.88395478925902
0.037418200000046045	124.88568449987592
0.037418300000046048	124.88741329037839
0.037418400000046051	124.88914116078354
0.037418500000046054	124.89086811110849
0.037418600000046057	124.89259414137044
0.03741870000004606	124.89431925158645
0.037418800000046062	124.89604344177378
0.037418900000046065	124.8977667119496
0.037419000000046068	124.8994890621311
0.037419100000046071	124.90121049233545
0.037419200000046074	124.90293100257996
0.037419300000046077	124.90465059288182
0.03741940000004608	124.90636926325834
0.037419500000046083	124.90808701372677
0.037419600000046085	124.90980384430441
0.037419700000046088	124.91151975500856
0.037419800000046091	124.9132347458565
0.037419900000046094	124.91494881686563
0.037420000000046097	124.91666196805322
0.0374201000000461	124.91837419943667
0.037420200000046103	124.92008551103336
0.037420300000046106	124.92179590286069
0.037420400000046108	124.92350537493607
0.037420500000046111	124.9252139272769
0.037420600000046114	124.92692155990063
0.037420700000046117	124.92862827282471
0.03742080000004612	124.93033406606661
0.037420900000046123	124.93203893964376
0.037421000000046126	124.93374289357368
0.037421100000046129	124.9354459278739
0.037421200000046131	124.93714804256192
0.037421300000046134	124.93884923765528
0.037421400000046137	124.94054951317152
0.03742150000004614	124.94224886912824
0.037421600000046143	124.94394730554296
0.037421700000046146	124.94564482243334
0.037421800000046149	124.94734141981695
0.037421900000046152	124.94903709771145
0.037422000000046154	124.95073185613442
0.037422100000046157	124.95242569510356
0.03742220000004616	124.95411861463649
0.037422300000046163	124.95581061475092
0.037422400000046166	124.95750169546452
0.037422500000046169	124.95919185679506
0.037422600000046172	124.96088109876023
0.037422700000046175	124.96256942137776
0.037422800000046177	124.96425682466543
0.03742290000004618	124.96594330864096
0.037423000000046183	124.96762887332216
0.037423100000046186	124.96931351872684
0.037423200000046189	124.97099724487281
0.037423300000046192	124.97268005177787
0.037423400000046195	124.97436193945987
0.037423500000046198	124.97604290793666
0.0374236000000462	124.97772295722612
0.037423700000046203	124.97940208734612
0.037423800000046206	124.98108029831457
0.037423900000046209	124.98275759014939
0.037424000000046212	124.98443396286851
0.037424100000046215	124.98610941648982
0.037424200000046218	124.98778395103136
0.037424300000046221	124.98945756651105
0.037424400000046223	124.99113026294688
0.037424500000046226	124.99280204035682
0.037424600000046229	124.99447289875894
0.037424700000046232	124.99614283817127
0.037424800000046235	124.99781185861178
0.037424900000046238	124.99947996009857
0.037425000000046241	125.00114714264973
0.037425100000046244	125.00281340628335
0.037425200000046246	125.0044787510175
0.037425300000046249	125.0061431768703
0.037425400000046252	125.00780668385988
0.037425500000046255	125.00946927200438
0.037425600000046258	125.01113094132197
0.037425700000046261	125.0127916918308
0.037425800000046264	125.0144515235491
0.037425900000046267	125.01611043649507
0.037426000000046269	125.01776843068686
0.037426100000046272	125.01942550614278
0.037426200000046275	125.02108166288102
0.037426300000046278	125.02273690091985
0.037426400000046281	125.02439122027756
0.037426500000046284	125.02604462097244
0.037426600000046287	125.02769710302277
0.03742670000004629	125.02934866644691
0.037426800000046292	125.03099931126316
0.037426900000046295	125.03264903748985
0.037427000000046298	125.03429784514536
0.037427100000046301	125.03594573424803
0.037427200000046304	125.03759270481629
0.037427300000046307	125.03923875686854
0.03742740000004631	125.0408838904232
0.037427500000046313	125.04252810549872
0.037427600000046315	125.04417140211348
0.037427700000046318	125.04581378028601
0.037427800000046321	125.04745524003475
0.037427900000046324	125.04909578137821
0.037428000000046327	125.05073540433489
0.03742810000004633	125.0523741089233
0.037428200000046333	125.05401189516198
0.037428300000046336	125.05564876306947
0.037428400000046338	125.05728471266437
0.037428500000046341	125.05891974396519
0.037428600000046344	125.06055385699054
0.037428700000046347	125.06218705175907
0.03742880000004635	125.06381932828938
0.037428900000046353	125.06545068660009
0.037429000000046356	125.06708112670984
0.037429100000046359	125.06871064863732
0.037429200000046361	125.07033925240118
0.037429300000046364	125.07196693802015
0.037429400000046367	125.07359370551291
0.03742950000004637	125.07521955489818
0.037429600000046373	125.07684448619472
0.037429700000046376	125.07846849942125
0.037429800000046379	125.08009159459652
0.037429900000046382	125.08171377173935
0.037430000000046385	125.08333503086854
0.037430100000046387	125.08495537200287
0.03743020000004639	125.08657479516114
0.037430300000046393	125.08819330036219
0.037430400000046396	125.08981088762492
0.037430500000046399	125.09142755696817
0.037430600000046402	125.09304330841078
0.037430700000046405	125.09465814197169
0.037430800000046408	125.09627205766979
0.03743090000004641	125.09788505552405
0.037431000000046413	125.09949713555334
0.037431100000046416	125.10110829777663
0.037431200000046419	125.10271854221293
0.037431300000046422	125.10432786888117
0.037431400000046425	125.10593627780034
0.037431500000046428	125.10754376898947
0.037431600000046431	125.1091503424676
0.037431700000046433	125.11075599825372
0.037431800000046436	125.11236073636695
0.037431900000046439	125.1139645568263
0.037432000000046442	125.11556745965086
0.037432100000046445	125.11716944485974
0.037432200000046448	125.11877051247205
0.037432300000046451	125.1203706625069
0.037432400000046454	125.12196989498344
0.037432500000046456	125.12356820992079
0.037432600000046459	125.12516560733815
0.037432700000046462	125.1267620872547
0.037432800000046465	125.12835764968966
0.037432900000046468	125.12995229466219
0.037433000000046471	125.13154602219151
0.037433100000046474	125.13313883229689
0.037433200000046477	125.13473072499758
0.037433300000046479	125.13632170031285
0.037433400000046482	125.13791175826196
0.037433500000046485	125.13950089886424
0.037433600000046488	125.14108912213899
0.037433700000046491	125.1426764281055
0.037433800000046494	125.14426281678318
0.037433900000046497	125.14584828819132
0.0374340000000465	125.14743284234933
0.037434100000046502	125.14901647927655
0.037434200000046505	125.15059919899241
0.037434300000046508	125.15218100151631
0.037434400000046511	125.15376188686767
0.037434500000046514	125.15534185506593
0.037434600000046517	125.15692090613055
0.03743470000004652	125.15849904008101
0.037434800000046523	125.16007625693678
0.037434900000046525	125.16165255671737
0.037435000000046528	125.16322793944229
0.037435100000046531	125.16480240513104
0.037435200000046534	125.16637595380318
0.037435300000046537	125.16794858547826
0.03743540000004654	125.16952030017586
0.037435500000046543	125.17109109791555
0.037435600000046546	125.17266097871695
0.037435700000046548	125.17422994259961
0.037435800000046551	125.17579798958324
0.037435900000046554	125.17736511968744
0.037436000000046557	125.17893133293184
0.03743610000004656	125.18049662933616
0.037436200000046563	125.18206100892004
0.037436300000046566	125.18362447170321
0.037436400000046569	125.18518701770537
0.037436500000046571	125.18674864694627
0.037436600000046574	125.18830935944561
0.037436700000046577	125.18986915522318
0.03743680000004658	125.1914280342987
0.037436900000046583	125.19298599669202
0.037437000000046586	125.19454304242288
0.037437100000046589	125.19609917151115
0.037437200000046592	125.19765438397661
0.037437300000046594	125.1992086798391
0.037437400000046597	125.20076205911853
0.0374375000000466	125.20231452183472
0.037437600000046603	125.20386606800757
0.037437700000046606	125.20541669765696
0.037437800000046609	125.20696641080283
0.037437900000046612	125.2085152074651
0.037438000000046615	125.21006308766371
0.037438100000046617	125.2116100514186
0.03743820000004662	125.21315609874978
0.037438300000046623	125.21470122967719
0.037438400000046626	125.21624544422087
0.037438500000046629	125.21778874240081
0.037438600000046632	125.21933112423702
0.037438700000046635	125.22087258974956
0.037438800000046638	125.2224131389585
0.03743890000004664	125.22395277188389
0.037439000000046643	125.22549148854584
0.037439100000046646	125.2270292889644
0.037439200000046649	125.22856617315976
0.037439300000046652	125.23010214115202
0.037439400000046655	125.23163719296127
0.037439500000046658	125.23317132860771
0.037439600000046661	125.23470454811149
0.037439700000046663	125.23623685149283
0.037439800000046666	125.23776823877188
0.037439900000046669	125.23929870996889
0.037440000000046672	125.24082826510411
0.037440100000046675	0.0062092370535822283
0.037440200000046678	0.0062111620265596912
0.037440300000046681	0.0062130869995229432
0.037440400000046684	0.0062150119724151409
0.037440500000046686	0.0062169369452931278
0.037440600000046689	0.0062188619181000604
0.037440700000046692	0.0062207868908501496
0.037440800000046695	0.0062227118635860279
0.037440900000046698	0.0062246368362366411
0.037441000000046701	0.0062265618088730434
0.037441100000046704	0.0062284867814241807
0.037441200000046707	0.0062304117539326853
0.037441300000046709	0.0062323367264127683
0.037441400000046712	0.0062342616988217969
0.037441500000046715	0.0062361866712024039
0.037441600000046718	0.0062381116435119566
0.037441700000046721	0.0062400366157646658
0.037441800000046724	0.0062419615879889534
0.037441900000046727	0.0062438865601563975
0.03744200000004673	0.0062458115322812091
0.037442100000046732	0.0062477365043491773
0.037442200000046735	0.0062496614763887237
0.037442300000046738	0.006251586448343005
0.037442400000046741	0.0062535114202830755
0.037442500000046744	0.0062554363921663025
0.037442600000046747	0.0062573613639642645
0.03744270000004675	0.0062592863357622264
0.037442800000046753	0.0062612113074749232
0.037442900000046755	0.0062631362791449874
0.037443000000046758	0.0062650612507866299
0.037443100000046761	0.006266986222371429
0.037443200000046764	0.0062689111938851738
0.037443300000046767	0.0062708361653704969
0.03744340000004677	0.0062727611367847658
0.037443500000046773	0.0062746861081706129
0.037443600000046776	0.0062766110795138275
0.037443700000046778	0.0062785360507717769
0.037443800000046781	0.0062804610220297263
0.037443900000046784	0.0062823859932024106
0.037444000000046787	0.0062843109643182515
0.03744410000004679	0.0062862359354340924
0.037444200000046793	0.0062881609064646682
0.037444300000046796	0.0062900858774384005
0.037444400000046799	0.0062920108483695003
0.037444500000046801	0.0062939358192721784
0.037444600000046804	0.0062958607900895913
0.037444700000046807	0.0062977857609070043
0.03744480000004681	0.0062997107316391521
0.037444900000046813	0.0063016357023144565
0.037445000000046816	0.0063035606729471283
0.037445100000046819	0.0063054856435513784
0.037445200000046822	0.0063074106140987851
0.037445300000046824	0.0063093355846035593
0.037445400000046827	0.0063112605550088574
0.03744550000004683	0.0063131855254141556
0.037445600000046833	0.0063151104957768212
0.037445700000046836	0.0063170354660400108
0.037445800000046839	0.0063189604362889895
0.037445900000046842	0.0063208854064811248
0.037446000000046845	0.0063228103766448385
0.037446100000046847	0.0063247353467374978
0.03744620000004685	0.0063266603167733138
0.037446300000046853	0.0063285852867949188
0.037446400000046856	0.0063305102567312588
0.037446500000046859	0.006332435226639177
0.037446600000046862	0.0063343601964902518
0.037446700000046865	0.0063362851662986941
0.037446800000046868	0.0063382101360076604
0.03744690000004687	0.0063401351057166266
0.037447000000046873	0.0063420600753829603
0.037447100000046876	0.0063439850450066615
0.037447200000046879	0.0063459100145593084
0.037447300000046882	0.006347834984040901
0.037447400000046885	0.0063497599535082827
0.037447500000046888	0.0063516849229046102
0.037447600000046891	0.0063536098922725159
0.037447700000046893	0.0063555348615835783
0.037447800000046896	0.0063574598308235863
0.037447900000046899	0.0063593848000351727
0.037448000000046902	0.0063613097691757048
0.037448100000046905	0.0063632347383162369
0.037448200000046908	0.0063651597073715038
