1.9999999999999999e-006 1
3.9999999999999998e-006 1
6.0000000000000002e-006 1
7.9999999999999996e-006 1
9.9999999999999991e-006 0
1.1999999999999999e-005 0
1.3999999999999998e-005 0
1.5999999999999999e-005 0
1.8e-005 0
2.0000000000000002e-005 0
2.2000000000000003e-005 0
2.4000000000000004e-005 0
2.6000000000000005e-005 0
2.8000000000000006e-005 0
3.0000000000000008e-005 0
3.2000000000000005e-005 0
3.4000000000000007e-005 0
3.6000000000000008e-005 0
3.8000000000000009e-005 0
4.000000000000001e-005 1
4.2000000000000011e-005 1
4.4000000000000012e-005 1
4.6000000000000014e-005 1
4.8000000000000015e-005 1
5.0000000000000016e-005 1
5.2000000000000017e-005 1
5.4000000000000018e-005 1
5.6000000000000019e-005 1
5.8000000000000021e-005 1
6.0000000000000022e-005 0
6.2000000000000016e-005 0
6.4000000000000011e-005 0
6.6000000000000005e-005 0
6.7999999999999999e-005 0
6.9999999999999994e-005 0
7.1999999999999988e-005 0
7.3999999999999983e-005 0
7.5999999999999977e-005 0
7.7999999999999971e-005 0
7.9999999999999966e-005 0
8.199999999999996e-005 0
8.3999999999999955e-005 0
8.5999999999999949e-005 0
8.7999999999999944e-005 0
8.9999999999999938e-005 1
9.1999999999999932e-005 1
9.3999999999999927e-005 1
9.5999999999999921e-005 1
9.7999999999999916e-005 1
9.999999999999991e-005 1
0.0001019999999999999 1
0.0001039999999999999 1
0.00010599999999999989 1
0.00010799999999999989 1
0.00010999999999999988 0
0.00011199999999999988 0
0.00011399999999999987 0
0.00011599999999999987 0
0.00011799999999999986 0
0.00011999999999999985 0
0.00012199999999999985 0
0.00012399999999999984 0
0.00012599999999999984 0
0.00012799999999999983 0
0.00012999999999999983 0
0.00013199999999999982 0
0.00013399999999999981 0
0.00013599999999999981 0
0.0001379999999999998 0
0.0001399999999999998 1
0.00014199999999999979 1
0.00014399999999999979 1
0.00014599999999999978 1
0.00014799999999999978 1
0.00014999999999999977 1
0.00015199999999999976 1
0.00015399999999999976 1
0.00015599999999999975 1
0.00015799999999999975 1
0.00015999999999999974 0
0.00016199999999999974 0
0.00016399999999999973 0
0.00016599999999999973 0
0.00016799999999999972 0
0.00016999999999999971 0
0.00017199999999999971 0
0.0001739999999999997 0
0.0001759999999999997 0
0.00017799999999999969 0
0.00017999999999999969 0
0.00018199999999999968 0
0.00018399999999999967 0
0.00018599999999999967 0
0.00018799999999999966 0
0.00018999999999999966 1
0.00019199999999999965 1
0.00019399999999999965 1
0.00019599999999999964 1
0.00019799999999999964 1
0.00019999999999999963 1
0.00020199999999999962 1
